4854
685.4764 0.9250694
658.6494 12.95097
665.1249 2.775208
705.8279 32.37743
793.7095 0
585.5689 3.700278
491.2119 0
785.3839 30.52729
810.3608 19.42646
802.0352 37.00278
794.6346 9.250694
801.1101 57.3543
789.0842 64.75486
842.7382 24.97687
828.8622 20.35153
840.8881 17.57632
832.5624 32.37743
821.4616 34.22757
805.7354 45.3284
809.4357 49.02868
825.1619 46.25347
851.0638 20.35153
855.6891 8.325624
864.9399 24.0518
873.2655 5.550416
828.8622 7.400555
848.2886 15.72618
820.5366 6.475486
796.4847 2.775208
860.3145 0.9250694
925.0694 0.9250694
873.2655 2.775208
891.7669 6.475486
886.2165 17.57632
895.4672 15.72618
898.2424 10.17576
989.8242 0.9250694
954.6716 4.625347
960.222 20.35153
941.7206 12.0259
963.9223 12.0259
970.3978 7.400555
952.8215 1.850139
981.4986 4.625347
936.1702 7.400555
987.9741 9.250694
993.5245 3.700278
345.976 0.9250694
204.4403 0.9250694
379.2784 5.550416
395.0046 3.700278
385.7539 5.550416
377.4283 14.80111
365.4024 7.400555
382.9787 7.400555
384.8289 9.250694
919.519 7.400555
916.7438 10.17576
924.1443 4.625347
934.3201 21.2766
166.5125 2.775208
150.7863 16.65125
148.0111 13.87604
174.8381 4.625347
180.3885 6.475486
176.6882 8.325624
177.6133 7.400555
188.7142 14.80111
179.4635 24.97687
187.7891 25.90194
202.5902 19.42646
198.8899 26.82701
112.8585 5.550416
69.3802 15.72618
61.97965 15.72618
79.55597 16.65125
87.88159 16.65125
92.50694 19.42646
115.6337 16.65125
118.4089 9.250694
143.3858 3.700278
134.1351 24.0518
230.3423 61.97965
216.4662 87.88159
227.5671 61.05458
236.8178 87.88159
235.8927 55.50416
238.6679 60.12951
228.4921 57.3543
181.3136 29.60222
180.3885 30.52729
177.6133 31.45236
157.2618 27.75208
206.2905 20.35153
193.3395 37.00278
185.0139 32.37743
189.6392 41.62812
197.9648 40.70305
203.5153 45.3284
202.5902 40.70305
179.4635 54.57909
207.2155 69.3802
207.2155 44.40333
183.1637 74.93062
159.1119 80.48103
868.6401 185.0139
880.6661 180.3885
875.1157 189.6392
873.2655 175.7632
859.3895 172.0629
866.79 199.815
858.4644 197.9648
872.3405 197.9648
850.1387 192.4144
874.1906 200.7401
887.1415 188.7142
854.7641 151.7114
843.6633 147.086
848.2886 145.2359
853.8391 139.6855
867.7151 149.8612
865.8649 138.7604
863.0897 134.1351
894.5421 168.3626
911.1934 157.2618
901.0176 172.0629
902.8677 149.8612
878.8159 156.3367
894.5421 141.5356
911.1934 143.3858
876.9658 168.3626
893.617 172.988
955.5967 229.4172
967.6226 224.7919
958.3719 236.8178
966.6975 215.5412
955.5967 206.2905
951.8964 243.2932
939.8705 259.0194
936.1702 241.4431
950.0463 249.7687
918.5939 240.518
917.6688 229.4172
932.4699 222.0166
941.7206 213.691
953.7465 203.5153
932.4699 200.7401
928.7697 200.7401
924.1443 201.6651
911.1934 207.2155
916.7438 228.4921
907.493 238.6679
910.2682 240.518
923.2192 175.7632
917.6688 162.8122
909.3432 191.4894
932.4699 199.815
936.1702 162.8122
937.0953 159.1119
972.2479 172.988
958.3719 148.0111
941.7206 146.161
872.3405 198.8899
879.741 208.1406
893.617 207.2155
901.0176 191.4894
887.1415 182.2387
883.4413 223.8668
877.8909 222.0166
868.6401 216.4662
871.4153 272.8955
877.8909 259.0194
876.9658 274.7456
883.4413 271.0453
891.7669 273.8205
884.3663 279.3709
881.5911 273.8205
867.7151 249.7687
871.4153 242.3682
866.79 241.4431
907.493 220.1665
896.3922 226.642
894.5421 232.1924
902.8677 247.9186
908.4182 246.9935
907.493 263.6448
901.9426 209.0657
896.3922 215.5412
944.4958 130.4348
922.2942 117.4838
898.2424 132.2849
912.1184 123.9593
909.3432 110.0833
892.692 128.5846
975.9482 229.4172
971.3229 230.3423
974.0981 228.4921
969.4727 111.0083
992.5994 98.05736
985.1989 117.4838
969.4727 96.20721
972.2479 129.5097
964.8474 114.7086
989.8242 128.5846
992.5994 113.7835
994.4496 107.308
994.4496 111.9334
982.4237 129.5097
998.1498 160.037
993.5245 141.5356
973.173 135.0601
947.2711 125.8094
960.222 143.3858
944.4958 118.4089
948.1961 117.4838
951.8964 123.0342
963.9223 123.9593
965.7725 128.5846
932.4699 116.5587
971.3229 246.0685
982.4237 242.3682
979.6485 251.6189
962.0721 262.7197
979.6485 283.0712
986.124 266.42
991.6744 276.5957
998.1498 435.7077
996.2997 518.9639
996.2997 457.9093
997.2248 534.6901
992.5994 418.1313
999.075 395.0046
996.2997 520.8141
998.1498 763.1823
998.1498 752.0814
985.1989 662.3497
989.8242 707.6781
977.7983 664.1998
997.2248 711.3784
987.9741 652.1739
988.8992 641.0731
993.5245 640.148
981.4986 648.4736
982.4237 654.9491
968.5477 654.9491
995.3746 591.1193
996.2997 760.407
995.3746 753.9315
988.8992 749.3062
994.4496 752.0814
982.4237 753.0065
998.1498 751.1563
991.6744 735.4302
992.5994 741.9056
987.9741 734.5051
981.4986 741.9056
982.4237 707.6781
995.3746 778.9084
982.4237 785.3839
988.8992 790.9343
976.8733 791.8594
989.8242 807.5856
973.173 794.6346
962.9973 784.4589
964.8474 789.0842
997.2248 805.7354
983.3488 832.5624
985.1989 864.9399
988.8992 876.0407
989.8242 904.7178
978.7234 878.8159
980.5735 880.6661
986.124 892.692
998.1498 978.7234
994.4496 947.2711
968.5477 344.1258
951.8964 336.7253
954.6716 331.1748
954.6716 345.0509
959.2969 347.8261
972.2479 338.5754
975.0231 324.6993
973.173 353.3765
957.4468 364.4773
958.3719 366.3275
972.2479 371.8779
992.5994 346.901
983.3488 364.4773
991.6744 368.1776
987.9741 364.4773
971.3229 313.5985
974.0981 315.4487
984.2738 308.0481
987.049 317.2988
989.8242 316.3737
994.4496 273.8205
998.1498 205.3654
997.2248 172.988
962.9973 202.5902
975.9482 195.1896
980.5735 173.913
975.9482 141.5356
992.5994 174.8381
988.8992 195.1896
983.3488 200.7401
993.5245 208.1406
987.9741 209.9908
974.0981 225.7169
985.1989 230.3423
988.8992 212.766
993.5245 220.1665
997.2248 208.1406
983.3488 238.6679
985.1989 248.8437
990.7493 226.642
987.9741 251.6189
998.1498 285.8464
983.3488 284.9214
998.1498 301.5726
983.3488 304.3478
984.2738 307.123
998.1498 353.3765
974.0981 387.6041
990.7493 391.3044
985.1989 326.5495
993.5245 331.1748
995.3746 4.625347
994.4496 7.400555
993.5245 51.80389
988.8992 25.90194
994.4496 73.08048
980.5735 83.25624
975.9482 81.40611
677.1508 36.07771
646.6235 35.15264
668.8251 67.53007
620.7216 90.6568
642.9232 114.7086
666.975 109.1582
670.6753 108.2331
656.7993 10.17576
590.1943 99.90749
582.7937 85.10638
591.1193 103.6078
674.3755 123.0342
654.024 122.1092
741.9056 47.17854
732.655 115.6337
692.877 123.0342
743.7558 116.5587
703.9778 151.7114
705.8279 152.6364
709.5282 157.2618
741.9056 160.9621
802.9602 108.2331
821.4616 119.334
809.4357 124.8844
814.061 99.90749
828.8622 80.48103
825.1619 110.0833
805.7354 90.6568
789.0842 101.7576
785.3839 106.383
818.6864 59.20444
802.9602 128.5846
942.6457 27.75208
949.1212 27.75208
948.1961 39.77798
961.1471 37.92785
936.1702 41.62812
345.976 17.57632
349.6762 28.67715
338.5754 26.82701
358.0019 19.42646
354.3016 14.80111
340.4255 3.700278
335.8002 10.17576
379.2784 16.65125
362.6272 18.50139
280.296 18.50139
271.0453 11.10083
278.4459 5.550416
275.6707 31.45236
283.0712 49.95375
274.7456 35.15264
305.2729 41.62812
257.1693 21.2766
297.8723 12.95097
313.5985 22.20167
270.1203 7.400555
245.1434 5.550416
247.9186 2.775208
253.469 2.775208
263.6448 12.95097
336.7253 16.65125
243.2932 42.55319
240.518 49.95375
239.593 43.47826
255.3192 53.65402
245.1434 37.00278
246.0685 37.00278
274.7456 41.62812
259.0194 65.67992
254.3941 64.75486
270.1203 70.30527
234.0426 44.40333
256.2442 70.30527
210.9158 3.700278
209.0657 24.97687
227.5671 5.550416
235.8927 35.15264
222.0166 39.77798
221.0916 40.70305
401.4801 62.90472
408.8807 109.1582
369.1027 89.73173
420.9066 87.88159
408.8807 64.75486
364.4773 59.20444
376.5032 50.87881
417.2063 60.12951
391.3044 43.47826
361.7021 34.22757
374.6531 19.42646
360.7771 47.17854
339.5005 41.62812
341.3506 62.90472
337.6503 64.75486
325.6244 40.70305
323.7743 71.23034
354.3016 63.82979
341.3506 72.15541
374.6531 42.55319
368.1776 36.07771
392.2294 19.42646
417.2063 11.10083
419.0564 28.67715
416.2812 10.17576
888.0666 21.2766
910.2682 20.35153
897.3173 16.65125
901.0176 23.12673
906.568 35.15264
898.2424 46.25347
901.0176 35.15264
909.3432 47.17854
912.1184 42.55319
908.4182 31.45236
919.519 24.0518
924.1443 46.25347
908.4182 22.20167
889.9167 61.05458
878.8159 49.95375
877.8909 58.27937
887.1415 63.82979
902.8677 56.42923
887.1415 71.23034
907.493 69.3802
902.8677 49.95375
873.2655 26.82701
864.0148 28.67715
873.2655 36.07771
861.2396 37.92785
886.2165 69.3802
875.1157 80.48103
884.3663 86.95652
881.5911 64.75486
937.0953 81.40611
942.6457 84.18131
937.0953 82.33118
975.0231 35.15264
950.0463 44.40333
948.1961 50.87881
943.5707 61.05458
954.6716 51.80389
970.3978 80.48103
943.5707 72.15541
950.0463 76.78076
920.444 74.93062
923.2192 55.50416
906.568 54.57909
919.519 74.93062
924.1443 92.50694
970.3978 41.62812
962.0721 45.3284
987.9741 50.87881
986.124 76.78076
987.9741 76.78076
983.3488 25.90194
979.6485 24.97687
961.1471 241.4431
969.4727 237.7428
956.5217 248.8437
951.8964 246.0685
953.7465 265.4949
967.6226 271.9704
968.5477 271.9704
957.4468 283.0712
965.7725 294.1721
947.2711 286.7715
956.5217 282.1461
961.1471 270.1203
976.8733 292.3219
915.8187 711.3784
892.692 712.3034
894.5421 700.2775
914.8936 720.629
919.519 714.1536
925.0694 714.1536
915.8187 694.7271
911.1934 690.1017
914.8936 686.4015
925.0694 691.9519
916.7438 680.8511
899.1674 689.1767
929.6947 720.629
899.1674 728.0296
886.2165 717.8538
900.0925 753.0065
894.5421 759.4819
895.4672 753.9315
906.568 764.1073
902.8677 748.3811
894.5421 737.2803
912.1184 739.1304
923.2192 734.5051
917.6688 739.1304
900.0925 733.58
893.617 735.4302
881.5911 746.531
909.3432 775.2081
904.7178 768.7327
916.7438 773.358
921.3691 765.0323
894.5421 761.3321
913.9686 757.6318
922.2942 756.7067
906.568 754.8566
932.4699 746.531
933.395 738.2054
934.3201 743.7558
952.8215 758.5569
931.5449 754.8566
935.2451 762.2571
885.2914 739.1304
878.8159 736.3552
880.6661 724.3293
865.8649 731.7299
885.2914 728.9547
859.3895 725.2544
881.5911 716.9288
932.4699 769.6577
925.9944 770.5828
903.7928 782.6087
897.3173 801.1101
898.2424 780.7585
910.2682 788.1591
901.0176 779.8335
876.9658 774.2831
866.79 770.5828
874.1906 771.5079
858.4644 779.8335
867.7151 791.8594
885.2914 791.8594
876.9658 764.1073
875.1157 768.7327
878.8159 807.5856
893.617 805.7354
934.3201 713.2285
981.4986 734.5051
977.7983 734.5051
978.7234 733.58
986.124 733.58
987.9741 716.0037
972.2479 713.2285
971.3229 718.7789
970.3978 723.4042
968.5477 728.9547
961.1471 742.8307
962.0721 753.9315
956.5217 746.531
939.8705 709.5282
968.5477 703.9778
958.3719 723.4042
950.9713 692.877
933.395 705.8279
935.2451 708.6031
966.6975 723.4042
926.9195 735.4302
959.2969 742.8307
975.0231 745.6059
972.2479 753.0065
962.9973 762.2571
969.4727 745.6059
967.6226 719.704
956.5217 752.0814
952.8215 774.2831
962.0721 775.2081
957.4468 790.0093
945.4209 780.7585
944.4958 775.2081
937.0953 781.6837
947.2711 792.7845
950.0463 793.7095
962.9973 805.7354
947.2711 797.4098
958.3719 653.099
962.0721 644.7734
959.2969 634.5976
949.1212 625.3469
958.3719 638.2979
876.9658 567.9926
909.3432 571.6929
885.2914 593.8945
921.3691 539.3154
926.9195 557.8168
981.4986 573.543
980.5735 544.8658
944.4958 529.1397
979.6485 533.765
913.9686 611.4709
902.8677 609.6207
883.4413 606.8455
888.9917 614.2461
898.2424 617.9464
912.1184 617.9464
926.9195 639.223
912.1184 625.3469
973.173 988.8992
941.7206 997.2248
942.6457 994.4496
941.7206 981.4986
931.5449 996.2997
921.3691 983.3488
925.0694 959.2969
969.4727 974.0981
949.1212 969.4727
973.173 980.5735
983.3488 974.0981
988.8992 959.2969
993.5245 962.9973
993.5245 958.3719
991.6744 954.6716
987.9741 939.8705
975.9482 958.3719
983.3488 929.6947
980.5735 938.0203
971.3229 931.5449
936.1702 955.5967
931.5449 939.8705
948.1961 941.7206
928.7697 943.5707
928.7697 952.8215
944.4958 925.9944
938.0203 920.444
953.7465 935.2451
947.2711 916.7438
962.9973 926.9195
964.8474 943.5707
969.4727 938.0203
971.3229 962.9973
954.6716 966.6975
923.2192 937.0953
924.1443 926.9195
972.2479 916.7438
978.7234 921.3691
922.2942 950.0463
913.9686 950.0463
912.1184 963.9223
898.2424 945.4209
907.493 944.4958
919.519 932.4699
985.1989 912.1184
983.3488 902.8677
986.124 913.9686
979.6485 916.7438
987.049 936.1702
82.33118 86.03146
68.45513 74.93062
72.15541 73.08048
69.3802 52.72895
78.6309 68.45513
56.42923 56.42923
84.18131 82.33118
91.58187 77.70583
21.2766 293.247
15.72618 313.5985
8.325624 310.8233
18.50139 267.3451
39.77798 293.247
35.15264 290.4718
70.30527 263.6448
76.78076 261.7946
75.85569 267.3451
79.55597 254.3941
63.82979 259.0194
61.05458 277.5208
100.8326 256.2442
98.05736 239.593
104.5328 246.9935
78.6309 264.5699
123.0342 271.9704
100.8326 286.7715
118.4089 255.3192
107.308 247.9186
82.33118 288.6216
77.70583 246.9935
120.259 299.7225
96.20721 294.1721
138.7604 310.8233
150.7863 308.9732
129.5097 329.3247
121.1841 320.9991
149.8612 324.6993
48.10361 28.67715
40.70305 58.27937
25.90194 61.05458
34.22757 73.08048
53.65402 67.53007
27.75208 81.40611
56.42923 85.10638
42.55319 100.8326
16.65125 83.25624
17.57632 68.45513
61.97965 32.37743
64.75486 50.87881
93.43201 28.67715
52.72895 39.77798
60.12951 212.766
78.6309 217.3913
55.50416 220.1665
51.80389 211.8409
61.05458 197.0398
67.53007 201.6651
44.40333 212.766
45.3284 202.5902
40.70305 208.1406
42.55319 234.9676
24.97687 209.0657
41.62812 196.1147
53.65402 187.7891
70.30527 193.3395
21.2766 196.1147
30.52729 188.7142
24.0518 185.0139
4.625347 197.0398
12.95097 201.6651
18.50139 183.1637
49.02868 279.3709
60.12951 278.4459
44.40333 253.469
31.45236 269.1952
24.0518 270.1203
27.75208 245.1434
21.2766 249.7687
61.05458 305.2729
71.23034 241.4431
76.78076 240.518
21.2766 172.0629
18.50139 168.3626
22.20167 166.5125
28.67715 170.2128
38.85291 186.864
39.77798 171.1378
30.52729 167.4376
37.00278 162.8122
31.45236 161.8871
15.72618 148.0111
17.57632 145.2359
30.52729 164.6624
46.25347 150.7863
77.70583 116.5587
53.65402 124.8844
57.3543 84.18131
82.33118 94.35708
15.72618 123.0342
12.95097 133.21
13.87604 172.0629
12.95097 166.5125
12.95097 172.0629
2.775208 154.4866
6.475486 143.3858
1.850139 156.3367
10.17576 72.15541
0 474.5606
1.850139 219.2414
5.550416 181.3136
0.9250694 431.0823
2.775208 317.2988
4.625347 234.0426
8.325624 220.1665
8.325624 481.0361
3.700278 473.6355
5.550416 469.0102
4.625347 447.7336
9.250694 445.8835
18.50139 438.4829
18.50139 440.333
15.72618 430.1573
7.400555 398.7049
16.65125 416.2812
8.325624 418.1313
28.67715 364.4773
39.77798 366.3275
37.92785 368.1776
42.55319 364.4773
37.00278 339.5005
15.72618 345.0509
16.65125 372.8029
28.67715 384.8289
15.72618 382.0536
4.625347 366.3275
38.85291 376.5032
43.47826 371.8779
12.95097 344.1258
9.250694 343.2007
7.400555 323.7743
9.250694 326.5495
12.0259 241.4431
13.87604 224.7919
10.17576 241.4431
26.82701 230.3423
30.52729 236.8178
49.02868 186.864
46.25347 172.0629
52.72895 175.7632
139.6855 65.67992
132.2849 83.25624
125.8094 71.23034
148.9362 80.48103
122.1092 47.17854
145.2359 54.57909
151.7114 61.97965
150.7863 75.85569
148.0111 68.45513
145.2359 46.25347
182.2387 84.18131
148.0111 102.6827
111.0083 61.97965
117.4838 44.40333
99.90749 59.20444
104.5328 30.52729
114.7086 43.47826
98.98242 71.23034
82.33118 60.12951
122.1092 35.15264
123.0342 20.35153
129.5097 24.97687
116.5587 20.35153
81.40611 51.80389
147.086 27.75208
164.6624 36.07771
163.7373 36.07771
490.2868 50.87881
499.5375 36.07771
506.0129 56.42923
494.9121 35.15264
486.5865 37.92785
493.062 94.35708
472.7104 93.43201
437.5578 52.72895
440.333 69.3802
426.457 65.67992
435.7077 53.65402
423.6818 56.42923
419.0564 36.07771
392.2294 30.52729
389.4542 32.37743
373.728 30.52729
477.3358 3.700278
483.8113 18.50139
455.1341 13.87604
468.0851 7.400555
467.16 8.325624
486.5865 34.22757
500.4625 22.20167
506.0129 22.20167
510.6383 30.52729
440.333 89.73173
452.3589 111.0083
432.0074 104.5328
424.6068 89.73173
442.1832 116.5587
443.1082 120.259
456.0592 119.334
518.9639 78.6309
540.2405 81.40611
523.5893 93.43201
541.1656 61.97965
521.7391 51.80389
512.4885 74.93062
506.938 91.58187
511.5634 89.73173
510.6383 111.0083
534.6901 94.35708
526.3645 96.20721
525.4394 122.1092
544.8658 136.9103
524.5143 129.5097
549.4912 119.334
542.0906 106.383
561.5171 117.4838
546.716 90.6568
567.0675 109.1582
565.2174 91.58187
553.1915 78.6309
519.889 130.4348
520.8141 133.21
516.1887 132.2849
506.0129 141.5356
518.0389 36.07771
529.1397 29.60222
545.791 28.67715
546.716 40.70305
532.84 24.97687
523.5893 35.15264
512.4885 22.20167
542.0906 24.0518
558.7419 5.550416
562.4422 5.550416
515.2637 159.1119
523.5893 153.5615
522.6642 155.4117
529.1397 165.5874
510.6383 173.913
456.0592 139.6855
470.8603 137.8353
464.3848 142.4607
471.7854 129.5097
436.6328 155.4117
430.1573 136.9103
479.1859 156.3367
476.4107 131.3598
477.3358 172.0629
467.16 176.6882
482.8862 123.9593
497.6873 105.4579
474.5606 123.0342
524.5143 186.864
475.4857 192.4144
567.0675 81.40611
573.543 88.80666
571.6929 91.58187
574.4681 92.50694
569.8427 96.20721
568.9177 93.43201
573.543 74.93062
564.2923 72.15541
553.1915 41.62812
550.4163 43.47826
551.3414 74.00555
544.8658 75.85569
546.716 72.15541
590.1943 103.6078
594.8196 137.8353
567.0675 119.334
395.0046 156.3367
396.8548 170.2128
392.2294 169.2877
418.1313 116.5587
387.6041 157.2618
375.5782 171.1378
369.1027 162.8122
382.0536 174.8381
392.2294 172.0629
398.7049 183.1637
441.2581 208.1406
435.7077 199.815
444.9584 207.2155
454.2091 198.8899
447.7336 182.2387
416.2812 210.9158
410.7308 231.2673
389.4542 211.8409
424.6068 220.1665
420.9066 205.3654
432.0074 208.1406
440.333 214.6161
447.7336 219.2414
434.7826 183.1637
409.8057 197.9648
393.1545 197.0398
403.3303 191.4894
419.9815 236.8178
341.3506 164.6624
357.0768 183.1637
333.95 188.7142
359.852 162.8122
365.4024 171.1378
370.0277 183.1637
369.1027 184.0888
850.1387 48.10361
844.5883 53.65402
861.2396 36.07771
849.2137 17.57632
257.1693 97.13229
252.5439 110.0833
251.6189 96.20721
263.6448 121.1841
270.1203 121.1841
293.247 117.4838
282.1461 67.53007
308.9732 134.1351
296.9473 128.5846
297.8723 133.21
296.9473 141.5356
280.296 141.5356
282.1461 152.6364
276.5957 143.3858
286.7715 148.0111
293.247 142.4607
295.0971 143.3858
311.7484 159.1119
348.7512 81.40611
347.8261 77.70583
325.6244 81.40611
358.9269 79.55597
350.6013 87.88159
313.5985 77.70583
301.5726 48.10361
293.247 18.50139
235.8927 140.6105
225.7169 132.2849
240.518 132.2849
221.0916 112.8585
236.8178 106.383
239.593 98.98242
211.8409 108.2331
190.5643 118.4089
206.2905 104.5328
216.4662 119.334
215.5412 104.5328
209.0657 140.6105
251.6189 141.5356
255.3192 142.4607
263.6448 144.3108
308.0481 235.8927
292.3219 238.6679
293.247 235.8927
284.9214 229.4172
294.1721 231.2673
292.3219 246.0685
299.7225 224.7919
306.198 210.9158
308.0481 252.5439
312.6735 240.518
313.5985 255.3192
288.6216 261.7946
305.2729 281.2211
321.9241 262.7197
334.8751 222.0166
280.296 220.1665
329.3247 216.4662
331.1748 207.2155
323.7743 204.4403
321.9241 197.0398
298.7974 188.7142
303.4228 188.7142
349.6762 197.9648
350.6013 213.691
350.6013 197.9648
358.0019 197.0398
360.7771 186.864
361.7021 186.864
366.3275 210.9158
310.8233 183.1637
321.9241 185.9389
321.9241 163.7373
325.6244 153.5615
334.8751 139.6855
328.3996 166.5125
425.5319 318.2239
435.7077 301.5726
444.9584 317.2988
421.8316 311.7484
430.1573 356.1517
413.506 327.4745
433.8575 295.0971
453.284 294.1721
454.2091 281.2211
460.6845 282.1461
452.3589 321.9241
473.6355 317.2988
407.9556 321.9241
419.0564 285.8464
409.8057 308.0481
394.0796 290.4718
390.3793 297.8723
437.5578 271.0453
447.7336 274.7456
432.0074 259.9445
438.4829 262.7197
428.3071 259.0194
412.5809 271.0453
456.0592 267.3451
475.4857 279.3709
466.235 292.3219
490.2868 293.247
454.2091 279.3709
407.9556 341.3506
399.63 329.3247
455.1341 352.4514
466.235 340.4255
414.4311 259.9445
408.8807 259.9445
424.6068 252.5439
405.1804 260.8696
401.4801 270.1203
404.2553 275.6707
393.1545 266.42
377.4283 281.2211
389.4542 263.6448
391.3044 259.9445
477.3358 314.5236
479.1859 323.7743
493.9871 323.7743
497.6873 310.8233
494.9121 303.4228
436.6328 243.2932
424.6068 246.0685
430.1573 229.4172
441.2581 243.2932
480.111 232.1924
459.7595 258.0944
411.6559 242.3682
452.3589 208.1406
362.6272 241.4431
357.0768 229.4172
366.3275 234.9676
397.7798 314.5236
381.1286 301.5726
374.6531 318.2239
387.6041 335.8002
354.3016 264.5699
361.7021 258.0944
336.7253 275.6707
369.1027 279.3709
365.4024 270.1203
383.9038 256.2442
340.4255 277.5208
369.1027 233.1175
369.1027 218.3164
373.728 232.1924
395.0046 233.1175
409.8057 239.593
391.3044 259.0194
387.6041 252.5439
388.5291 250.6938
399.63 251.6189
407.0305 248.8437
377.4283 212.766
354.3016 218.3164
379.2784 201.6651
377.4283 187.7891
384.8289 178.5384
371.8779 197.9648
389.4542 205.3654
781.6837 281.2211
768.7327 293.247
764.1073 288.6216
824.2368 293.247
834.4126 301.5726
827.012 301.5726
814.9861 303.4228
796.4847 301.5726
801.1101 289.5467
802.9602 317.2988
818.6864 309.8983
819.6115 309.8983
821.4616 327.4745
823.3118 293.247
821.4616 281.2211
853.8391 310.8233
847.3635 288.6216
857.5393 294.1721
840.8881 311.7484
840.8881 313.5985
828.8622 308.0481
857.5393 315.4487
839.0379 320.074
836.2627 321.9241
867.7151 308.9732
870.4903 305.2729
864.0148 317.2988
837.1878 326.5495
865.8649 317.2988
799.2599 366.3275
785.3839 357.0768
792.7845 348.7512
799.2599 309.8983
794.6346 317.2988
789.0842 305.2729
828.8622 307.123
786.309 367.2525
795.5597 381.1286
796.4847 375.5782
816.8362 372.8029
780.7585 408.8807
778.9084 393.1545
790.0093 391.3044
776.1332 417.2063
757.6318 400.5551
753.9315 408.8807
753.9315 414.4311
782.6087 418.1313
779.8335 419.9815
763.1823 431.0823
776.1332 432.0074
843.6633 392.2294
853.8391 363.5523
849.2137 392.2294
840.8881 401.4801
858.4644 407.0305
845.5134 426.457
831.6374 421.8316
825.1619 395.0046
824.2368 400.5551
882.5162 371.8779
880.6661 365.4024
874.1906 353.3765
879.741 345.0509
879.741 351.5264
868.6401 350.6013
866.79 347.8261
812.2109 384.8289
795.5597 345.0509
787.2341 335.8002
799.2599 329.3247
783.5338 338.5754
802.0352 320.9991
856.6143 345.0509
865.8649 329.3247
861.2396 344.1258
780.7585 345.0509
765.9575 348.7512
737.2803 354.3016
740.0555 389.4542
728.9547 382.0536
762.2571 365.4024
749.3062 346.901
718.7789 365.4024
719.704 361.7021
740.9806 338.5754
737.2803 330.2498
752.0814 316.3737
759.4819 348.7512
781.6837 329.3247
775.2081 307.123
775.2081 321.9241
782.6087 303.4228
777.9833 325.6244
788.1591 299.7225
784.4589 294.1721
791.8594 279.3709
740.0555 321.9241
728.0296 291.3969
730.8048 282.1461
735.4302 286.7715
760.407 386.679
765.9575 371.8779
802.0352 271.0453
698.4274 236.8178
718.7789 234.9676
715.0786 243.2932
620.7216 276.5957
614.2461 286.7715
608.6957 275.6707
622.5717 281.2211
617.0213 296.0222
642.9232 272.8955
668.8251 245.1434
666.0499 267.3451
631.8224 220.1665
612.3959 226.642
672.5255 283.9963
655.8742 308.9732
652.1739 288.6216
632.7474 294.1721
622.5717 320.9991
618.8714 298.7974
639.223 320.9991
642.9232 298.7974
622.5717 219.2414
604.0703 217.3913
603.1453 287.6966
648.4736 359.852
644.7734 377.4283
643.8483 375.5782
641.9982 376.5032
602.2202 367.2525
636.4478 337.6503
654.024 346.901
626.272 400.5551
650.3238 394.0796
654.9491 356.1517
723.4042 305.2729
724.3293 291.3969
705.8279 357.0768
693.8021 288.6216
704.9029 274.7456
658.6494 324.6993
687.3265 270.1203
672.5255 351.5264
721.5541 280.296
716.9288 257.1693
701.2026 264.5699
698.4274 267.3451
655.8742 345.0509
700.2775 366.3275
692.877 380.2035
689.1767 362.6272
705.8279 372.8029
709.5282 368.1776
716.0037 362.6272
716.0037 363.5523
616.0962 314.5236
604.9954 328.3996
592.9695 313.5985
591.1193 323.7743
597.5948 331.1748
601.2951 291.3969
674.3755 269.1952
677.1508 260.8696
682.7012 269.1952
672.5255 260.8696
672.5255 258.0944
668.8251 273.8205
666.975 267.3451
673.4505 278.4459
719.704 395.9297
706.753 404.2553
725.2544 407.9556
711.3784 417.2063
696.5773 409.8057
690.1017 389.4542
700.2775 182.2387
683.6263 150.7863
700.2775 206.2905
706.753 182.2387
718.7789 191.4894
725.2544 185.9389
725.2544 190.5643
710.4533 213.691
712.3034 214.6161
731.7299 216.4662
695.6522 222.9417
687.3265 205.3654
636.4478 200.7401
621.6466 203.5153
629.0472 193.3395
640.148 216.4662
692.877 188.7142
672.5255 160.037
679.0009 190.5643
687.3265 196.1147
648.4736 172.988
664.1998 155.4117
671.6003 140.6105
650.3238 204.4403
677.1508 224.7919
638.2979 157.2618
617.0213 166.5125
626.272 152.6364
617.9464 172.0629
648.4736 130.4348
653.099 155.4117
664.1998 135.9852
686.4015 241.4431
677.1508 243.2932
691.0269 249.7687
621.6466 204.4403
603.1453 199.815
616.0962 180.3885
593.8945 204.4403
519.889 206.2905
526.3645 231.2673
509.7132 222.9417
539.3154 206.2905
489.3617 212.766
506.0129 217.3913
498.6124 236.8178
538.3904 234.9676
584.6439 208.1406
572.6179 241.4431
555.0416 249.7687
555.9667 255.3192
554.1166 255.3192
570.7678 243.2932
558.7419 238.6679
546.716 242.3682
551.3414 237.7428
555.0416 213.691
543.9408 234.0426
548.5662 234.0426
560.592 208.1406
572.6179 174.8381
596.6697 182.2387
592.9695 172.988
572.6179 160.9621
570.7678 164.6624
554.1166 160.037
538.3904 246.9935
614.2461 180.3885
604.9954 173.913
619.7965 151.7114
579.0934 144.3108
573.543 140.6105
563.3672 137.8353
552.2664 148.0111
535.6152 149.8612
533.765 162.8122
539.3154 158.1869
540.2405 141.5356
547.6411 166.5125
558.7419 129.5097
567.0675 130.4348
568.9177 134.1351
606.8455 123.9593
611.4709 128.5846
617.0213 144.3108
698.4274 226.642
698.4274 241.4431
708.6031 253.469
703.9778 260.8696
699.3525 262.7197
777.9833 276.5957
783.5338 260.8696
777.0583 260.8696
793.7095 271.9704
789.0842 278.4459
780.7585 252.5439
767.8076 269.1952
757.6318 271.9704
759.4819 262.7197
742.8307 253.469
748.3811 251.6189
747.4561 276.5957
774.2831 261.7946
767.8076 248.8437
752.0814 244.2183
777.9833 235.8927
758.5569 208.1406
782.6087 214.6161
750.2313 223.8668
755.7817 237.7428
810.3608 245.1434
740.9806 230.3423
738.2054 245.1434
748.3811 284.9214
745.6059 278.4459
735.4302 283.0712
728.0296 275.6707
736.3552 259.9445
732.655 271.0453
704.9029 224.7919
823.3118 126.7345
834.4126 127.6596
845.5134 126.7345
839.963 129.5097
827.9371 48.10361
829.7872 55.50416
855.6891 202.5902
854.7641 209.0657
844.5883 208.1406
843.6633 211.8409
861.2396 220.1665
852.9139 230.3423
862.1647 229.4172
845.5134 194.2646
828.8622 185.0139
833.4875 206.2905
833.4875 219.2414
824.2368 201.6651
827.012 210.9158
818.6864 208.1406
823.3118 236.8178
819.6115 229.4172
829.7872 251.6189
836.2627 229.4172
819.6115 267.3451
822.3867 263.6448
829.7872 252.5439
787.2341 181.3136
825.1619 197.0398
831.6374 201.6651
823.3118 170.2128
767.8076 197.0398
764.1073 196.1147
745.6059 185.9389
746.531 188.7142
739.1304 181.3136
279.3709 265.4949
284.9214 270.1203
276.5957 272.8955
281.2211 260.8696
848.2886 94.35708
866.79 113.7835
876.0407 93.43201
869.5652 113.7835
864.0148 129.5097
838.1129 147.086
834.4126 146.161
839.963 143.3858
828.8622 143.3858
868.6401 74.93062
877.8909 60.12951
848.2886 56.42923
866.79 74.00555
864.9399 74.93062
848.2886 71.23034
846.4385 52.72895
829.7872 62.90472
888.9917 110.0833
874.1906 80.48103
931.5449 116.5587
936.1702 93.43201
938.0203 101.7576
907.493 84.18131
900.0925 82.33118
882.5162 115.6337
889.9167 125.8094
865.8649 137.8353
850.1387 811.2858
838.1129 797.4098
846.4385 791.8594
867.7151 766.8825
864.0148 769.6577
872.3405 754.8566
871.4153 759.4819
875.1157 765.9575
860.3145 753.0065
873.2655 814.061
874.1906 814.9861
861.2396 798.3349
853.8391 820.5366
866.79 828.8622
856.6143 791.8594
921.3691 809.4357
912.1184 812.2109
910.2682 803.8853
916.7438 814.9861
899.1674 804.8104
924.1443 784.4589
929.6947 782.6087
936.1702 795.5597
929.6947 795.5597
935.2451 802.0352
930.6198 810.3608
919.519 799.2599
916.7438 782.6087
936.1702 813.136
912.1184 908.4182
921.3691 893.617
925.9944 908.4182
938.0203 913.0435
927.8446 896.3922
946.3459 903.7928
937.0953 914.8936
926.9195 924.1443
930.6198 887.1415
902.8677 897.3173
902.8677 906.568
900.0925 900.0925
907.493 895.4672
905.6429 865.8649
900.0925 890.8418
895.4672 901.0176
894.5421 879.741
954.6716 902.8677
931.5449 860.3145
963.9223 868.6401
931.5449 827.9371
941.7206 832.5624
900.0925 856.6143
968.5477 859.3895
957.4468 899.1674
968.5477 879.741
971.3229 885.2914
975.0231 903.7928
884.3663 886.2165
877.8909 898.2424
873.2655 888.9917
865.8649 901.9426
865.8649 904.7178
852.9139 896.3922
859.3895 894.5421
865.8649 887.1415
865.8649 909.3432
885.2914 904.7178
874.1906 926.9195
864.0148 920.444
850.1387 912.1184
875.1157 881.5911
862.1647 884.3663
859.3895 893.617
963.9223 791.8594
192.4144 194.2646
198.8899 182.2387
197.9648 191.4894
97.13229 189.6392
99.90749 206.2905
95.28214 206.2905
108.2331 184.0888
78.6309 175.7632
112.8585 176.6882
105.4579 211.8409
140.6105 218.3164
82.33118 201.6651
61.97965 129.5097
83.25624 116.5587
90.6568 132.2849
89.73173 120.259
167.4376 163.7373
117.4838 159.1119
106.383 151.7114
121.1841 144.3108
128.5846 148.0111
168.3626 202.5902
197.9648 169.2877
197.0398 175.7632
187.7891 149.8612
155.4117 217.3913
174.8381 231.2673
183.1637 209.9908
184.0888 117.4838
188.7142 93.43201
204.4403 148.9362
103.6078 142.4607
92.50694 148.9362
92.50694 139.6855
79.55597 160.037
77.70583 145.2359
65.67992 142.4607
71.23034 158.1869
68.45513 152.6364
107.308 145.2359
92.50694 128.5846
119.334 119.334
92.50694 123.9593
105.4579 148.0111
100.8326 108.2331
85.10638 97.13229
108.2331 88.80666
122.1092 82.33118
42.55319 160.9621
44.40333 171.1378
55.50416 140.6105
89.73173 212.766
91.58187 227.5671
104.5328 234.9676
126.7345 225.7169
125.8094 221.0916
142.4607 231.2673
138.7604 243.2932
136.9103 223.8668
132.2849 246.0685
124.8844 259.9445
101.7576 235.8927
13.87604 333.025
39.77798 329.3247
45.3284 327.4745
46.25347 310.8233
47.17854 324.6993
59.20444 334.8751
46.25347 327.4745
59.20444 347.8261
74.93062 332.0999
102.6827 348.7512
101.7576 349.6762
88.80666 307.123
77.70583 307.123
77.70583 317.2988
102.6827 323.7743
115.6337 374.6531
92.50694 366.3275
96.20721 378.3534
101.7576 395.0046
88.80666 397.7798
84.18131 375.5782
76.78076 401.4801
87.88159 419.9815
104.5328 409.8057
80.48103 363.5523
69.3802 373.728
57.3543 375.5782
58.27937 364.4773
58.27937 396.8548
41.62812 385.7539
49.02868 382.9787
49.02868 382.0536
57.3543 421.8316
59.20444 433.8575
52.72895 434.7826
50.87881 440.333
48.10361 436.6328
43.47826 439.408
44.40333 437.5578
35.15264 417.2063
61.05458 442.1832
65.67992 395.9297
73.08048 408.8807
32.37743 395.9297
23.12673 414.4311
29.60222 402.4052
14.80111 420.9066
21.2766 436.6328
36.07771 458.8344
62.90472 432.9325
69.3802 445.8835
72.15541 427.382
82.33118 428.3071
87.88159 430.1573
94.35708 428.3071
78.6309 443.1082
86.95652 432.9325
87.88159 446.8085
88.80666 456.9843
91.58187 444.9584
95.28214 436.6328
92.50694 435.7077
97.13229 432.9325
61.05458 474.5606
47.17854 358.0019
69.3802 361.7021
143.3858 356.1517
128.5846 364.4773
130.4348 359.852
138.7604 381.1286
142.4607 377.4283
152.6364 381.1286
150.7863 395.0046
129.5097 400.5551
133.21 385.7539
135.0601 404.2553
158.1869 357.0768
148.9362 355.2267
126.7345 356.1517
119.334 338.5754
133.21 353.3765
120.259 329.3247
128.5846 330.2498
122.1092 333.95
146.161 353.3765
165.5874 357.0768
178.5384 352.4514
173.913 362.6272
167.4376 349.6762
162.8122 382.0536
174.8381 367.2525
160.9621 345.976
168.3626 346.901
165.5874 332.0999
174.8381 326.5495
151.7114 337.6503
153.5615 333.95
156.3367 348.7512
146.161 345.976
148.0111 335.8002
139.6855 352.4514
140.6105 353.3765
130.4348 338.5754
144.3108 330.2498
147.086 331.1748
172.0629 320.9991
75.85569 205.3654
80.48103 211.8409
197.0398 177.6133
638.2979 121.1841
684.5513 149.8612
714.1536 172.0629
802.9602 155.4117
804.8104 155.4117
262.7197 545.791
277.5208 506.938
288.6216 543.0157
252.5439 521.7391
278.4459 504.1628
280.296 506.0129
295.0971 518.9639
259.9445 602.2202
240.518 612.3959
246.9935 594.8196
263.6448 609.6207
259.0194 593.8945
272.8955 602.2202
310.8233 593.8945
318.2239 607.7706
278.4459 605.9205
255.3192 591.1193
254.3941 568.9177
261.7946 576.3182
242.3682 592.0444
113.7835 439.408
121.1841 430.1573
122.1092 436.6328
111.0083 415.3561
105.4579 409.8057
103.6078 425.5319
100.8326 434.7826
111.0083 428.3071
115.6337 406.1055
124.8844 418.1313
136.9103 421.8316
130.4348 426.457
122.1092 449.5837
132.2849 436.6328
133.21 435.7077
123.0342 449.5837
118.4089 458.8344
123.0342 460.6845
138.7604 461.6096
162.8122 409.8057
185.9389 377.4283
174.8381 375.5782
189.6392 371.8779
172.0629 382.0536
188.7142 399.63
172.0629 477.3358
158.1869 467.16
159.1119 465.3099
134.1351 437.5578
139.6855 435.7077
160.037 423.6818
165.5874 422.7567
145.2359 419.9815
160.037 427.382
171.1378 429.2322
157.2618 441.2581
175.7632 427.382
179.4635 430.1573
225.7169 421.8316
221.0916 426.457
219.2414 421.8316
209.0657 439.408
222.0166 428.3071
227.5671 430.1573
231.2673 425.5319
216.4662 385.7539
212.766 411.6559
207.2155 409.8057
200.7401 382.0536
200.7401 398.7049
181.3136 418.1313
190.5643 431.0823
171.1378 446.8085
193.3395 454.2091
192.4144 401.4801
198.8899 401.4801
190.5643 379.2784
190.5643 374.6531
120.259 485.6614
148.9362 492.1369
140.6105 502.3127
126.7345 475.4857
132.2849 466.235
152.6364 469.0102
161.8871 479.1859
168.3626 514.3386
169.2877 523.5893
165.5874 523.5893
162.8122 530.9898
155.4117 529.1397
170.2128 529.1397
149.8612 522.6642
172.0629 515.2637
138.7604 505.0879
137.8353 518.0389
135.9852 526.3645
143.3858 543.0157
176.6882 504.1628
157.2618 493.062
165.5874 489.3617
176.6882 518.0389
382.0536 340.4255
358.9269 326.5495
361.7021 343.2007
400.5551 364.4773
370.9528 352.4514
343.2007 372.8029
358.9269 388.5291
337.6503 384.8289
318.2239 406.1055
325.6244 388.5291
344.1258 426.457
363.5523 382.9787
289.5467 290.4718
314.5236 297.8723
313.5985 294.1721
288.6216 298.7974
321.9241 267.3451
290.4718 315.4487
269.1952 332.0999
277.5208 312.6735
296.9473 332.0999
329.3247 321.9241
253.469 325.6244
240.518 333.025
238.6679 326.5495
244.2183 342.2757
255.3192 350.6013
257.1693 301.5726
259.9445 304.3478
242.3682 297.8723
271.9704 341.3506
264.5699 299.7225
251.6189 280.296
255.3192 296.0222
268.2701 306.198
313.5985 345.0509
295.0971 373.728
296.0222 353.3765
328.3996 349.6762
354.3016 329.3247
335.8002 311.7484
323.7743 344.1258
287.6966 345.976
272.8955 356.1517
308.9732 391.3044
250.6938 372.8029
240.518 364.4773
241.4431 404.2553
256.2442 377.4283
270.1203 385.7539
237.7428 385.7539
272.8955 381.1286
254.3941 417.2063
283.9963 395.0046
291.3969 381.1286
284.9214 403.3303
197.0398 351.5264
187.7891 351.5264
210.9158 365.4024
213.691 378.3534
226.642 366.3275
221.0916 352.4514
199.815 345.0509
205.3654 345.976
206.2905 339.5005
217.3913 343.2007
201.6651 339.5005
223.8668 381.1286
232.1924 336.7253
232.1924 353.3765
223.8668 345.976
231.2673 328.3996
233.1175 367.2525
229.4172 353.3765
234.0426 381.1286
239.593 401.4801
233.1175 411.6559
229.4172 417.2063
240.518 422.7567
242.3682 420.9066
219.2414 302.4977
232.1924 301.5726
238.6679 286.7715
229.4172 278.4459
186.864 242.3682
186.864 238.6679
190.5643 234.0426
159.1119 240.518
158.1869 236.8178
174.8381 268.2701
153.5615 246.0685
206.2905 255.3192
204.4403 267.3451
184.0888 303.4228
185.0139 310.8233
203.5153 286.7715
193.3395 280.296
200.7401 282.1461
182.2387 295.0971
208.1406 265.4949
172.988 296.9473
189.6392 320.9991
181.3136 318.2239
190.5643 329.3247
176.6882 279.3709
198.8899 279.3709
154.4866 247.9186
143.3858 239.593
271.9704 226.642
259.9445 198.8899
246.9935 204.4403
251.6189 209.0657
250.6938 214.6161
257.1693 190.5643
237.7428 209.0657
235.8927 206.2905
209.0657 228.4921
213.691 191.4894
229.4172 202.5902
232.1924 198.8899
247.9186 180.3885
224.7919 190.5643
238.6679 220.1665
204.4403 192.4144
279.3709 230.3423
277.5208 246.0685
283.9963 247.9186
189.6392 332.0999
188.7142 338.5754
246.9935 250.6938
243.2932 244.2183
234.9676 246.0685
271.9704 165.5874
285.8464 167.4376
285.8464 168.3626
287.6966 172.0629
286.7715 171.1378
268.2701 146.161
279.3709 157.2618
265.4949 154.4866
285.8464 159.1119
292.3219 157.2618
298.7974 166.5125
218.3164 158.1869
264.5699 150.7863
260.8696 148.9362
259.0194 155.4117
259.0194 145.2359
264.5699 163.7373
256.2442 172.0629
267.3451 172.0629
248.8437 155.4117
240.518 150.7863
245.1434 159.1119
233.1175 147.086
259.9445 184.0888
261.7946 177.6133
270.1203 185.0139
296.0222 185.9389
265.4949 190.5643
266.42 173.913
262.7197 182.2387
265.4949 186.864
270.1203 171.1378
274.7456 180.3885
286.7715 180.3885
302.4977 179.4635
260.8696 194.2646
302.4977 185.0139
306.198 176.6882
158.1869 227.5671
303.4228 414.4311
317.2988 416.2812
307.123 402.4052
301.5726 435.7077
319.1489 418.1313
285.8464 437.5578
281.2211 460.6845
273.8205 436.6328
299.7225 456.9843
282.1461 409.8057
276.5957 431.0823
318.2239 470.8603
305.2729 465.3099
348.7512 431.0823
342.2757 434.7826
357.0768 450.5088
370.9528 412.5809
378.3534 422.7567
375.5782 410.7308
358.0019 395.0046
368.1776 395.0046
234.9676 557.8168
227.5671 576.3182
228.4921 558.7419
246.9935 562.4422
222.0166 553.1915
241.4431 550.4163
261.7946 566.1425
215.5412 538.3904
209.9908 535.6152
211.8409 533.765
209.0657 536.5402
204.4403 543.9408
204.4403 546.716
236.8178 535.6152
234.9676 533.765
204.4403 560.592
211.8409 580.9435
195.1896 567.9926
197.9648 543.9408
191.4894 543.9408
216.4662 522.6642
240.518 520.8141
215.5412 522.6642
234.9676 506.938
230.3423 518.0389
180.3885 529.1397
184.0888 541.1656
169.2877 536.5402
174.8381 542.0906
185.0139 520.8141
185.9389 504.1628
206.2905 528.2146
197.0398 512.4885
218.3164 520.8141
223.8668 501.3876
223.8668 497.6873
186.864 489.3617
185.9389 501.3876
227.5671 518.0389
225.7169 493.9871
234.0426 485.6614
224.7919 488.4366
222.0166 478.2609
179.4635 486.5865
183.1637 475.4857
167.4376 532.84
159.1119 538.3904
149.8612 543.9408
184.0888 547.6411
247.9186 502.3127
251.6189 503.2377
154.4866 447.7336
156.3367 464.3848
188.7142 469.0102
222.0166 463.4597
172.988 595.7447
184.0888 580.9435
179.4635 597.5948
167.4376 573.543
154.4866 588.3441
160.9621 597.5948
148.0111 587.4191
161.8871 595.7447
156.3367 576.3182
164.6624 553.1915
177.6133 568.9177
150.7863 568.9177
184.0888 569.8427
225.7169 591.1193
219.2414 604.9954
215.5412 602.2202
210.9158 603.1453
200.7401 608.6957
210.9158 623.4968
201.6651 613.321
213.691 616.0962
209.0657 608.6957
197.9648 619.7965
192.4144 618.8714
310.8233 508.7881
308.0481 527.2896
295.0971 509.7132
416.2812 383.9038
426.457 389.4542
421.8316 390.3793
432.0074 378.3534
423.6818 369.1027
416.2812 360.7771
442.1832 363.5523
425.5319 358.0019
405.1804 389.4542
398.7049 371.8779
411.6559 356.1517
375.5782 370.0277
400.5551 379.2784
386.679 378.3534
395.0046 389.4542
451.4339 365.4024
465.3099 359.852
459.7595 369.1027
469.0102 377.4283
450.5088 373.728
448.6587 378.3534
474.5606 375.5782
461.6096 354.3016
462.5347 354.3016
482.8862 374.6531
500.4625 366.3275
494.9121 373.728
479.1859 383.9038
486.5865 391.3044
448.6587 361.7021
529.1397 318.2239
549.4912 306.198
554.1166 315.4487
589.2692 294.1721
584.6439 280.296
567.9926 287.6966
581.8687 302.4977
563.3672 291.3969
580.9435 305.2729
584.6439 312.6735
552.2664 301.5726
527.2896 268.2701
522.6642 283.0712
518.9639 293.247
528.2146 238.6679
489.3617 279.3709
518.9639 290.4718
479.1859 264.5699
481.0361 252.5439
432.0074 386.679
438.4829 382.9787
445.8835 393.1545
459.7595 395.9297
448.6587 396.8548
411.6559 413.506
449.5837 423.6818
448.6587 440.333
445.8835 461.6096
421.8316 455.1341
456.9843 459.7595
463.4597 447.7336
457.9093 435.7077
464.3848 432.9325
578.1683 435.7077
586.494 429.2322
588.3441 431.0823
612.3959 416.2812
595.7447 379.2784
571.6929 393.1545
629.9722 433.8575
618.8714 433.8575
566.1425 340.4255
551.3414 358.0019
562.4422 338.5754
562.4422 361.7021
576.3182 356.1517
577.2433 364.4773
572.6179 367.2525
571.6929 348.7512
598.5199 371.8779
543.9408 373.728
558.7419 401.4801
507.8631 380.2035
520.8141 366.3275
506.938 380.2035
549.4912 391.3044
543.0157 414.4311
534.6901 413.506
532.84 377.4283
529.1397 385.7539
524.5143 423.6818
535.6152 360.7771
495.8372 421.8316
508.7881 431.0823
483.8113 424.6068
475.4857 448.6587
458.8344 398.7049
479.1859 339.5005
520.8141 338.5754
489.3617 325.6244
504.1628 316.3737
501.3876 315.4487
514.3386 309.8983
508.7881 320.9991
518.0389 312.6735
527.2896 330.2498
520.8141 353.3765
537.4653 348.7512
555.0416 317.2988
528.2146 338.5754
559.667 322.8492
536.5402 345.976
477.3358 469.0102
470.8603 454.2091
488.4366 462.5347
447.7336 507.8631
459.7595 539.3154
439.408 527.2896
419.9815 502.3127
444.9584 462.5347
463.4597 475.4857
464.3848 463.4597
468.0851 477.3358
472.7104 518.0389
482.8862 513.4135
497.6873 498.6124
498.6124 493.062
395.9297 444.9584
394.0796 428.3071
395.9297 411.6559
381.1286 413.506
390.3793 430.1573
378.3534 444.0333
391.3044 467.16
374.6531 478.2609
378.3534 463.4597
393.1545 484.7364
399.63 480.111
411.6559 477.3358
405.1804 481.9612
413.506 456.9843
399.63 456.9843
414.4311 469.0102
416.2812 477.3358
391.3044 460.6845
376.5032 461.6096
366.3275 454.2091
364.4773 439.408
418.1313 496.7623
417.2063 481.9612
415.3561 497.6873
385.7539 493.062
357.0768 511.5634
398.7049 493.9871
401.4801 497.6873
397.7798 495.8372
394.0796 498.6124
383.9038 506.938
396.8548 530.0648
369.1027 518.0389
403.3303 514.3386
409.8057 503.2377
413.506 526.3645
405.1804 506.0129
399.63 531.9149
422.7567 526.3645
422.7567 540.2405
420.9066 541.1656
383.9038 384.8289
375.5782 373.728
382.9787 391.3044
377.4283 400.5551
372.8029 396.8548
380.2035 375.5782
359.852 515.2637
359.852 519.889
345.976 482.8862
345.0509 504.1628
340.4255 509.7132
356.1517 529.1397
331.1748 517.1138
330.2498 495.8372
338.5754 500.4625
338.5754 460.6845
325.6244 481.9612
328.3996 487.5116
305.2729 501.3876
328.3996 490.2868
292.3219 489.3617
268.2701 437.5578
247.9186 459.7595
266.42 450.5088
276.5957 478.2609
261.7946 440.333
264.5699 425.5319
257.1693 419.0564
281.2211 487.5116
248.8437 478.2609
243.2932 472.7104
255.3192 501.3876
269.1952 498.6124
234.9676 469.9352
226.642 451.4339
233.1175 470.8603
231.2673 457.9093
239.593 446.8085
246.0685 444.9584
247.9186 456.9843
242.3682 450.5088
341.3506 427.382
338.5754 432.0074
403.3303 398.7049
409.8057 407.9556
515.2637 231.2673
486.5865 238.6679
460.6845 203.5153
487.5116 211.8409
455.1341 207.2155
604.9954 448.6587
624.4218 464.3848
621.6466 490.2868
617.9464 451.4339
567.9926 439.408
630.8973 451.4339
628.1221 444.9584
641.9982 446.8085
637.3728 433.8575
683.6263 400.5551
676.2257 401.4801
690.1017 414.4311
649.3987 401.4801
707.6781 529.1397
727.1046 514.3386
718.7789 531.9149
709.5282 507.8631
711.3784 545.791
703.0527 529.1397
694.7271 474.5606
713.2285 480.111
685.4764 538.3904
728.9547 504.1628
680.8511 554.1166
676.2257 538.3904
679.926 554.1166
685.4764 561.5171
673.4505 557.8168
676.2257 574.4681
666.975 558.7419
697.5023 563.3672
692.877 565.2174
691.0269 566.1425
684.5513 473.6355
670.6753 471.7854
690.1017 471.7854
682.7012 469.9352
671.6003 459.7595
665.1249 460.6845
656.7993 467.16
661.4246 453.284
657.7243 450.5088
666.0499 452.3589
700.2775 466.235
718.7789 457.9093
699.3525 456.9843
678.0759 411.6559
673.4505 418.1313
665.1249 421.8316
691.0269 431.0823
666.975 449.5837
686.4015 452.3589
688.2516 448.6587
660.4995 421.8316
650.3238 444.9584
688.2516 415.3561
711.3784 432.0074
701.2026 450.5088
703.9778 452.3589
738.2054 446.8085
744.6808 435.7077
744.6808 419.9815
447.7336 826.087
441.2581 836.2627
438.4829 829.7872
431.0823 754.8566
419.0564 740.9806
433.8575 752.0814
419.9815 732.655
436.6328 735.4302
421.8316 728.9547
418.1313 763.1823
424.6068 758.5569
423.6818 761.3321
429.2322 765.0323
395.9297 740.9806
379.2784 742.8307
383.9038 729.8798
382.9787 746.531
405.1804 742.8307
415.3561 744.6808
411.6559 728.0296
397.7798 736.3552
405.1804 721.5541
422.7567 712.3034
416.2812 710.4533
405.1804 749.3062
394.0796 729.8798
393.1545 716.9288
474.5606 722.4792
480.111 725.2544
479.1859 726.1794
488.4366 740.9806
500.4625 739.1304
495.8372 742.8307
486.5865 725.2544
480.111 730.8048
488.4366 747.4561
475.4857 743.7558
480.111 747.4561
480.111 758.5569
466.235 752.0814
477.3358 730.8048
468.0851 728.0296
456.0592 730.8048
457.9093 728.9547
455.1341 740.9806
476.4107 714.1536
457.9093 748.3811
470.8603 763.1823
488.4366 777.9833
480.111 785.3839
454.2091 757.6318
460.6845 769.6577
470.8603 786.309
477.3358 790.0093
455.1341 795.5597
451.4339 785.3839
460.6845 802.0352
443.1082 769.6577
432.9325 755.7817
430.1573 770.5828
433.8575 758.5569
441.2581 754.8566
444.9584 738.2054
450.5088 747.4561
422.7567 765.9575
419.9815 767.8076
494.9121 780.7585
502.3127 762.2571
514.3386 777.0583
504.1628 789.0842
492.1369 793.7095
524.5143 767.8076
519.889 783.5338
515.2637 765.0323
509.7132 759.4819
531.9149 764.1073
526.3645 742.8307
515.2637 787.2341
514.3386 790.0093
515.2637 790.0093
518.0389 790.0093
494.9121 755.7817
496.7623 750.2313
508.7881 750.2313
520.8141 733.58
532.84 697.5023
564.2923 721.5541
530.9898 723.4042
566.1425 764.1073
580.0185 763.1823
568.9177 768.7327
563.3672 756.7067
559.667 765.9575
561.5171 761.3321
559.667 762.2571
551.3414 764.1073
545.791 778.9084
547.6411 763.1823
531.9149 728.9547
518.0389 727.1046
538.3904 731.7299
545.791 751.1563
548.5662 751.1563
549.4912 751.1563
599.4449 743.7558
580.9435 720.629
491.2119 713.2285
500.4625 716.0037
506.938 707.6781
484.7364 707.6781
476.4107 706.753
484.7364 715.0786
525.4394 715.0786
521.7391 708.6031
519.889 690.1017
533.765 740.9806
530.0648 768.7327
540.2405 766.8825
565.2174 793.7095
579.0934 801.1101
564.2923 803.8853
567.0675 787.2341
584.6439 776.1332
543.0157 796.4847
531.9149 832.5624
536.5402 848.2886
530.9898 851.9889
564.2923 822.3867
574.4681 839.0379
552.2664 831.6374
575.3931 831.6374
573.543 820.5366
557.8168 812.2109
566.1425 814.9861
548.5662 853.8391
542.0906 841.8131
559.667 864.9399
548.5662 864.9399
561.5171 809.4357
517.1138 648.4736
490.2868 647.5486
506.938 642.9232
518.0389 641.9982
600.3701 630.8973
613.321 615.1711
641.9982 627.197
608.6957 617.0213
601.2951 663.2747
582.7937 644.7734
588.3441 607.7706
598.5199 691.9519
612.3959 698.4274
601.2951 699.3525
594.8196 690.1017
582.7937 702.1277
576.3182 686.4015
523.5893 667.9001
580.0185 670.6753
562.4422 664.1998
590.1943 679.0009
585.5689 678.0759
554.1166 667.9001
560.592 667.9001
554.1166 638.2979
566.1425 621.6466
566.1425 631.8224
529.1397 618.8714
527.2896 630.8973
540.2405 644.7734
574.4681 694.7271
571.6929 714.1536
567.9926 695.6522
532.84 681.7761
579.0934 610.5458
572.6179 607.7706
577.2433 631.8224
525.4394 588.3441
540.2405 586.494
517.1138 617.0213
525.4394 622.5717
558.7419 605.9205
513.4135 625.3469
577.2433 593.8945
560.592 580.9435
581.8687 570.7678
592.0444 587.4191
587.4191 601.2951
575.3931 599.4449
592.9695 589.2692
575.3931 603.1453
601.2951 597.5948
569.8427 597.5948
555.0416 552.2664
552.2664 555.0416
537.4653 566.1425
601.2951 590.1943
618.8714 572.6179
622.5717 584.6439
600.3701 567.9926
628.1221 602.2202
620.7216 611.4709
627.197 611.4709
630.8973 585.5689
638.2979 611.4709
639.223 601.2951
504.1628 621.6466
522.6642 652.1739
531.9149 662.3497
538.3904 660.4995
541.1656 661.4246
543.9408 668.8251
495.8372 706.753
487.5116 695.6522
466.235 683.6263
596.6697 567.9926
589.2692 548.5662
590.1943 510.6383
581.8687 512.4885
502.3127 461.6096
584.6439 499.5375
555.0416 443.1082
560.592 507.8631
550.4163 508.7881
562.4422 529.1397
544.8658 434.7826
539.3154 540.2405
515.2637 525.4394
535.6152 518.0389
556.8918 541.1656
543.9408 548.5662
550.4163 550.4163
492.1369 453.284
506.0129 451.4339
514.3386 442.1832
677.1508 648.4736
670.6753 644.7734
677.1508 646.6235
695.6522 666.975
697.5023 664.1998
704.9029 663.2747
713.2285 687.3265
717.8538 671.6003
710.4533 663.2747
708.6031 656.7993
665.1249 585.5689
679.0009 579.0934
664.1998 617.0213
688.2516 578.1683
692.877 593.8945
680.8511 588.3441
691.9519 609.6207
682.7012 603.1453
703.0527 601.2951
699.3525 591.1193
666.975 621.6466
681.7761 624.4218
658.6494 628.1221
645.6984 635.5226
692.877 613.321
710.4533 639.223
717.8538 651.2488
710.4533 653.099
715.0786 638.2979
711.3784 635.5226
694.7271 641.9982
687.3265 644.7734
685.4764 639.223
683.6263 632.7474
626.272 542.0906
621.6466 556.8918
634.5976 551.3414
623.4968 562.4422
665.1249 544.8658
743.7558 527.2896
729.8798 626.272
723.4042 631.8224
725.2544 626.272
723.4042 641.9982
761.3321 619.7965
758.5569 632.7474
757.6318 631.8224
753.9315 638.2979
747.4561 632.7474
736.3552 620.7216
752.0814 629.0472
744.6808 643.8483
755.7817 612.3959
756.7067 648.4736
786.309 666.0499
768.7327 670.6753
790.9343 635.5226
761.3321 668.8251
744.6808 660.4995
729.8798 649.3987
725.2544 641.9982
720.629 617.0213
722.4792 598.5199
730.8048 609.6207
734.5051 615.1711
719.704 588.3441
737.2803 588.3441
750.2313 603.1453
730.8048 547.6411
749.3062 542.0906
740.9806 564.2923
727.1046 553.1915
696.5773 577.2433
708.6031 580.9435
700.2775 580.9435
700.2775 583.7188
729.8798 578.1683
742.8307 579.0934
716.0037 561.5171
776.1332 522.6642
797.4098 541.1656
763.1823 554.1166
797.4098 563.3672
799.2599 576.3182
792.7845 568.9177
816.8362 563.3672
816.8362 576.3182
815.9112 548.5662
827.012 567.0675
820.5366 561.5171
774.2831 580.9435
795.5597 581.8687
808.5106 588.3441
788.1591 577.2433
788.1591 601.2951
817.7614 607.7706
787.2341 608.6957
751.1563 577.2433
745.6059 576.3182
757.6318 540.2405
747.4561 555.0416
824.2368 592.0444
831.6374 588.3441
827.9371 558.7419
832.5624 561.5171
818.6864 551.3414
827.9371 549.4912
822.3867 544.8658
612.3959 728.0296
624.4218 719.704
648.4736 716.9288
647.5486 723.4042
642.9232 673.4505
638.2979 655.8742
650.3238 672.5255
654.024 651.2488
666.0499 654.9491
596.6697 721.5541
588.3441 722.4792
582.7937 709.5282
601.2951 700.2775
594.8196 716.0037
606.8455 728.9547
613.321 751.1563
660.4995 675.3007
679.0009 712.3034
655.8742 720.629
691.9519 712.3034
713.2285 695.6522
687.3265 730.8048
683.6263 720.629
699.3525 738.2054
729.8798 720.629
669.7502 743.7558
651.2488 740.9806
660.4995 733.58
650.3238 749.3062
652.1739 754.8566
685.4764 737.2803
687.3265 746.531
670.6753 778.9084
682.7012 773.358
691.9519 754.8566
691.9519 739.1304
650.3238 758.5569
651.2488 774.2831
644.7734 754.8566
625.3469 755.7817
627.197 777.9833
611.4709 760.407
621.6466 745.6059
596.6697 822.3867
598.5199 838.1129
591.1193 832.5624
607.7706 827.9371
591.1193 814.061
589.2692 819.6115
610.5458 822.3867
593.8945 797.4098
613.321 811.2858
599.4449 787.2341
600.3701 807.5856
620.7216 823.3118
609.6207 831.6374
617.9464 834.4126
642.9232 809.4357
643.8483 827.012
640.148 805.7354
585.5689 826.087
587.4191 789.0842
580.9435 796.4847
570.7678 790.9343
599.4449 841.8131
605.9205 767.8076
598.5199 762.2571
607.7706 763.1823
672.5255 809.4357
690.1017 801.1101
655.8742 791.8594
660.4995 812.2109
687.3265 805.7354
691.0269 818.6864
683.6263 811.2858
674.3755 824.2368
693.8021 805.7354
658.6494 820.5366
654.024 817.7614
658.6494 784.4589
642.9232 845.5134
618.8714 843.6633
613.321 844.5883
646.6235 802.0352
640.148 790.0093
627.197 851.9889
627.197 852.9139
660.4995 827.9371
664.1998 873.2655
641.0731 850.1387
632.7474 860.3145
647.5486 883.4413
628.1221 858.4644
631.8224 859.3895
617.9464 869.5652
633.6725 877.8909
700.2775 762.2571
690.1017 777.0583
704.9029 792.7845
683.6263 836.2627
713.2285 809.4357
707.6781 827.012
778.9084 790.0093
756.7067 811.2858
757.6318 778.9084
747.4561 782.6087
726.1794 856.6143
737.2803 845.5134
732.655 860.3145
721.5541 829.7872
705.8279 858.4644
721.5541 872.3405
715.0786 874.1906
683.6263 870.4903
695.6522 849.2137
700.2775 883.4413
705.8279 881.5911
732.655 864.9399
731.7299 803.8853
714.1536 798.3349
730.8048 796.4847
716.9288 813.136
748.3811 817.7614
720.629 817.7614
710.4533 785.3839
755.7817 832.5624
757.6318 860.3145
790.0093 853.8391
777.9833 807.5856
754.8566 875.1157
751.1563 871.4153
745.6059 875.1157
743.7558 864.9399
749.3062 876.0407
767.8076 868.6401
765.9575 876.9658
777.9833 870.4903
618.8714 862.1647
825.1619 643.8483
814.9861 659.5745
813.136 641.9982
791.8594 622.5717
187.7891 625.3469
179.4635 637.3728
184.0888 625.3469
162.8122 631.8224
173.913 620.7216
187.7891 612.3959
181.3136 625.3469
188.7142 623.4968
138.7604 618.8714
137.8353 635.5226
137.8353 621.6466
148.0111 633.6725
133.21 632.7474
145.2359 647.5486
123.0342 654.9491
137.8353 661.4246
157.2618 639.223
169.2877 670.6753
162.8122 640.148
172.988 669.7502
162.8122 635.5226
200.7401 703.0527
186.864 697.5023
194.2646 691.0269
189.6392 707.6781
188.7142 716.0037
177.6133 704.9029
191.4894 711.3784
193.3395 711.3784
174.8381 697.5023
190.5643 686.4015
187.7891 678.0759
206.2905 684.5513
210.9158 675.3007
205.3654 699.3525
209.0657 693.8021
208.1406 698.4274
145.2359 699.3525
156.3367 679.0009
232.1924 589.2692
234.9676 611.4709
239.593 612.3959
200.7401 629.9722
226.642 615.1711
216.4662 628.1221
232.1924 618.8714
234.9676 623.4968
220.1665 633.6725
244.2183 642.9232
216.4662 650.3238
219.2414 638.2979
211.8409 637.3728
238.6679 629.0472
235.8927 661.4246
255.3192 648.4736
251.6189 641.0731
246.9935 627.197
206.2905 626.272
203.5153 633.6725
196.1147 641.0731
199.815 641.0731
204.4403 647.5486
234.0426 685.4764
216.4662 709.5282
227.5671 718.7789
217.3913 713.2285
234.9676 714.1536
241.4431 701.2026
205.3654 717.8538
225.7169 664.1998
212.766 654.9491
213.691 671.6003
238.6679 675.3007
209.0657 660.4995
200.7401 659.5745
259.0194 656.7993
135.9852 684.5513
152.6364 675.3007
192.4144 716.0037
122.1092 685.4764
107.308 676.2257
120.259 677.1508
101.7576 697.5023
121.1841 705.8279
131.3598 675.3007
133.21 688.2516
135.0601 694.7271
120.259 670.6753
121.1841 671.6003
100.8326 702.1277
95.28214 711.3784
88.80666 703.9778
98.98242 674.3755
107.308 666.0499
97.13229 669.7502
94.35708 679.0009
245.1434 701.2026
241.4431 709.5282
250.6938 706.753
262.7197 709.5282
261.7946 713.2285
251.6189 733.58
274.7456 664.1998
294.1721 658.6494
296.9473 673.4505
286.7715 648.4736
271.0453 654.9491
284.9214 641.0731
286.7715 643.8483
288.6216 630.8973
300.6476 644.7734
246.0685 678.0759
266.42 691.0269
247.9186 692.877
263.6448 698.4274
266.42 700.2775
276.5957 684.5513
275.6707 707.6781
269.1952 712.3034
295.0971 700.2775
296.0222 694.7271
292.3219 686.4015
286.7715 682.7012
296.9473 681.7761
485.6614 718.7789
460.6845 679.926
470.8603 641.0731
442.1832 693.8021
445.8835 716.0037
440.333 696.5773
438.4829 687.3265
443.1082 684.5513
432.9325 691.0269
469.9352 611.4709
491.2119 610.5458
485.6614 620.7216
483.8113 598.5199
455.1341 618.8714
456.0592 613.321
474.5606 627.197
456.0592 592.9695
506.0129 629.0472
492.1369 624.4218
494.9121 641.0731
504.1628 640.148
492.1369 611.4709
491.2119 622.5717
507.8631 603.1453
482.8862 641.9982
331.1748 543.9408
323.7743 530.9898
318.2239 581.8687
303.4228 554.1166
320.074 560.592
313.5985 542.0906
336.7253 580.9435
345.0509 564.2923
315.4487 584.6439
330.2498 585.5689
334.8751 582.7937
309.8983 529.1397
310.8233 536.5402
303.4228 542.0906
321.9241 522.6642
313.5985 523.5893
386.679 543.0157
414.4311 554.1166
378.3534 560.592
406.1055 542.0906
401.4801 582.7937
380.2035 580.0185
366.3275 576.3182
370.9528 580.9435
357.0768 576.3182
349.6762 580.0185
345.0509 588.3441
345.976 598.5199
368.1776 606.8455
377.4283 596.6697
378.3534 581.8687
385.7539 586.494
392.2294 583.7188
393.1545 597.5948
268.2701 552.2664
262.7197 546.716
272.8955 557.8168
276.5957 581.8687
290.4718 583.7188
275.6707 598.5199
276.5957 591.1193
278.4459 572.6179
277.5208 571.6929
283.9963 558.7419
290.4718 543.9408
299.7225 534.6901
292.3219 538.3904
330.2498 596.6697
337.6503 597.5948
329.3247 603.1453
337.6503 592.9695
335.8002 590.1943
333.95 586.494
344.1258 591.1193
342.2757 582.7937
343.2007 582.7937
358.0019 564.2923
350.6013 555.9667
350.6013 572.6179
353.3765 550.4163
355.2267 545.791
344.1258 580.0185
339.5005 593.8945
332.0999 608.6957
407.9556 644.7734
402.4052 650.3238
404.2553 645.6984
396.8548 643.8483
395.0046 654.9491
362.6272 665.1249
358.9269 656.7993
361.7021 655.8742
356.1517 646.6235
370.0277 641.0731
370.9528 633.6725
373.728 638.2979
356.1517 638.2979
352.4514 629.9722
340.4255 641.9982
342.2757 647.5486
386.679 643.8483
395.0046 639.223
422.7567 600.3701
395.0046 628.1221
511.5634 594.8196
516.1887 585.5689
498.6124 543.9408
475.4857 558.7419
495.8372 541.1656
486.5865 577.2433
529.1397 552.2664
518.9639 576.3182
533.765 581.8687
510.6383 564.2923
501.3876 592.0444
511.5634 606.8455
505.0879 600.3701
542.0906 554.1166
538.3904 557.8168
438.4829 574.4681
423.6818 572.6179
431.0823 567.0675
419.9815 582.7937
439.408 588.3441
469.9352 587.4191
459.7595 572.6179
470.8603 572.6179
478.2609 588.3441
449.5837 584.6439
432.9325 603.1453
423.6818 639.223
425.5319 639.223
428.3071 639.223
439.408 638.2979
454.2091 617.9464
426.457 600.3701
435.7077 562.4422
439.408 564.2923
448.6587 554.1166
449.5837 562.4422
425.5319 537.4653
447.7336 551.3414
455.1341 542.0906
478.2609 524.5143
453.284 555.0416
455.1341 561.5171
458.8344 553.1915
460.6845 557.8168
463.4597 551.3414
460.6845 560.592
547.6411 550.4163
337.6503 617.0213
363.5523 617.0213
381.1286 619.7965
388.5291 629.0472
321.9241 626.272
324.6993 630.8973
426.457 697.5023
428.3071 711.3784
411.6559 702.1277
423.6818 693.8021
416.2812 667.9001
412.5809 670.6753
400.5551 693.8021
407.0305 666.0499
404.2553 663.2747
450.5088 738.2054
469.0102 630.8973
435.7077 659.5745
432.0074 641.9982
419.9815 641.9982
423.6818 658.6494
447.7336 665.1249
404.2553 632.7474
412.5809 580.0185
415.3561 584.6439
416.2812 586.494
401.4801 591.1193
363.5523 685.4764
358.0019 678.0759
369.1027 677.1508
355.2267 684.5513
359.852 688.2516
369.1027 691.9519
359.852 690.1017
377.4283 691.0269
383.9038 677.1508
381.1286 693.8021
374.6531 697.5023
375.5782 656.7993
372.8029 664.1998
387.6041 697.5023
323.7743 637.3728
313.5985 651.2488
308.0481 652.1739
302.4977 657.7243
311.7484 655.8742
319.1489 667.9001
312.6735 665.1249
355.2267 659.5745
350.6013 652.1739
354.3016 718.7789
337.6503 715.0786
338.5754 710.4533
336.7253 723.4042
351.5264 735.4302
353.3765 743.7558
338.5754 739.1304
345.976 762.2571
364.4773 738.2054
358.9269 765.0323
371.8779 749.3062
367.2525 733.58
368.1776 739.1304
370.0277 735.4302
361.7021 728.9547
379.2784 727.1046
366.3275 708.6031
370.9528 733.58
376.5032 735.4302
352.4514 670.6753
356.1517 666.0499
353.3765 666.975
338.5754 677.1508
339.5005 691.0269
322.8492 669.7502
328.3996 706.753
325.6244 639.223
325.6244 634.5976
353.3765 694.7271
340.4255 698.4274
347.8261 693.8021
355.2267 699.3525
332.0999 712.3034
334.8751 719.704
329.3247 716.0037
313.5985 726.1794
301.5726 704.9029
327.4745 718.7789
328.3996 725.2544
868.6401 998.1498
871.4153 986.124
872.3405 990.7493
851.9889 954.6716
858.4644 949.1212
863.0897 962.0721
854.7641 944.4958
847.3635 945.4209
851.0638 987.9741
845.5134 975.9482
831.6374 990.7493
840.8881 961.1471
826.087 957.4468
824.2368 931.5449
814.061 944.4958
813.136 967.6226
808.5106 988.8992
789.0842 989.8242
792.7845 985.1989
791.8594 984.2738
768.7327 984.2738
758.5569 995.3746
812.2109 990.7493
797.4098 974.0981
797.4098 973.173
811.2858 997.2248
845.5134 997.2248
640.148 997.2248
732.655 996.2997
664.1998 995.3746
638.2979 987.9741
637.3728 992.5994
140.6105 998.1498
356.1517 996.2997
592.0444 996.2997
238.6679 997.2248
909.3432 998.1498
915.8187 984.2738
904.7178 978.7234
892.692 993.5245
889.9167 991.6744
879.741 990.7493
984.2738 996.2997
875.1157 966.6975
871.4153 952.8215
909.3432 967.6226
898.2424 971.3229
886.2165 975.9482
882.5162 976.8733
893.617 966.6975
883.4413 969.4727
876.0407 982.4237
903.7928 934.3201
905.6429 943.5707
898.2424 938.0203
895.4672 935.2451
899.1674 936.1702
901.9426 929.6947
887.1415 915.8187
877.8909 934.3201
900.0925 930.6198
898.2424 901.9426
885.2914 956.5217
883.4413 940.7955
881.5911 944.4958
676.2257 909.3432
649.3987 915.8187
654.9491 900.0925
654.024 898.2424
600.3701 963.9223
620.7216 978.7234
603.1453 975.0231
629.0472 967.6226
625.3469 953.7465
604.0703 949.1212
564.2923 984.2738
571.6929 985.1989
567.9926 988.8992
570.7678 978.7234
557.8168 987.049
558.7419 979.6485
548.5662 986.124
553.1915 988.8992
564.2923 991.6744
557.8168 992.5994
552.2664 995.3746
569.8427 963.9223
585.5689 987.049
582.7937 969.4727
580.0185 950.9713
593.8945 961.1471
587.4191 943.5707
564.2923 949.1212
570.7678 943.5707
567.9926 920.444
559.667 938.0203
554.1166 943.5707
551.3414 918.5939
540.2405 941.7206
633.6725 918.5939
607.7706 850.1387
595.7447 856.6143
599.4449 843.6633
607.7706 862.1647
612.3959 868.6401
617.0213 867.7151
591.1193 866.79
591.1193 880.6661
586.494 876.9658
597.5948 867.7151
569.8427 872.3405
590.1943 860.3145
606.8455 867.7151
612.3959 895.4672
584.6439 895.4672
605.9205 901.0176
604.0703 903.7928
621.6466 908.4182
587.4191 886.2165
580.9435 888.0666
581.8687 892.692
618.8714 888.9917
586.494 922.2942
571.6929 917.6688
572.6179 916.7438
591.1193 931.5449
594.8196 923.2192
576.3182 912.1184
600.3701 938.0203
577.2433 893.617
567.9926 890.8418
559.667 911.1934
503.2377 797.4098
526.3645 814.061
534.6901 809.4357
509.7132 795.5597
529.1397 820.5366
502.3127 808.5106
499.5375 814.9861
486.5865 812.2109
486.5865 813.136
485.6614 814.061
497.6873 799.2599
489.3617 799.2599
456.0592 829.7872
462.5347 833.4875
468.0851 808.5106
446.8085 817.7614
447.7336 819.6115
432.9325 819.6115
431.0823 820.5366
432.0074 808.5106
473.6355 814.9861
479.1859 822.3867
476.4107 819.6115
479.1859 817.7614
473.6355 824.2368
476.4107 829.7872
460.6845 827.012
658.6494 898.2424
653.099 883.4413
670.6753 900.0925
685.4764 883.4413
683.6263 876.0407
626.272 857.5393
691.0269 886.2165
696.5773 894.5421
700.2775 896.3922
686.4015 890.8418
741.9056 730.8048
760.407 730.8048
732.655 721.5541
739.1304 723.4042
753.0065 725.2544
785.3839 749.3062
784.4589 771.5079
777.9833 740.0555
722.4792 876.9658
721.5541 887.1415
725.2544 882.5162
734.5051 873.2655
735.4302 875.1157
745.6059 886.2165
60.12951 804.8104
72.15541 816.8362
56.42923 814.061
60.12951 829.7872
49.95375 817.7614
74.93062 817.7614
74.93062 812.2109
86.03146 814.9861
86.95652 825.1619
66.605 824.2368
79.55597 836.2627
112.8585 981.4986
111.0083 974.0981
114.7086 979.6485
135.9852 989.8242
139.6855 991.6744
147.086 987.9741
136.9103 980.5735
147.086 982.4237
149.8612 987.9741
128.5846 992.5994
128.5846 989.8242
126.7345 992.5994
149.8612 979.6485
125.8094 974.0981
126.7345 984.2738
120.259 980.5735
132.2849 984.2738
122.1092 956.5217
128.5846 962.0721
112.8585 957.4468
119.334 985.1989
109.1582 987.049
111.9334 985.1989
125.8094 990.7493
102.6827 951.8964
58.27937 953.7465
53.65402 964.8474
50.87881 952.8215
44.40333 955.5967
42.55319 956.5217
37.00278 944.4958
47.17854 951.8964
49.95375 951.8964
60.12951 960.222
60.12951 956.5217
67.53007 959.2969
40.70305 913.9686
50.87881 934.3201
38.85291 919.519
46.25347 934.3201
41.62812 939.8705
36.07771 938.0203
39.77798 937.0953
59.20444 946.3459
83.25624 952.8215
60.12951 933.395
71.23034 922.2942
24.97687 849.2137
42.55319 870.4903
19.42646 854.7641
53.65402 869.5652
10.17576 811.2858
3.700278 849.2137
71.23034 838.1129
61.97965 828.8622
90.6568 913.0435
90.6568 949.1212
104.5328 947.2711
113.7835 922.2942
103.6078 912.1184
95.28214 896.3922
84.18131 907.493
78.6309 902.8677
123.0342 908.4182
128.5846 934.3201
140.6105 978.7234
145.2359 964.8474
158.1869 967.6226
273.8205 876.0407
239.593 891.7669
252.5439 854.7641
156.3367 847.3635
118.4089 862.1647
137.8353 827.012
147.086 874.1906
182.2387 908.4182
221.0916 896.3922
183.1637 913.0435
222.9417 867.7151
144.3108 886.2165
173.913 913.0435
225.7169 900.0925
212.766 927.8446
244.2183 920.444
243.2932 901.0176
178.5384 922.2942
175.7632 915.8187
188.7142 924.1443
198.8899 933.395
184.0888 927.8446
147.086 904.7178
155.4117 913.9686
152.6364 916.7438
246.0685 822.3867
234.0426 833.4875
16.65125 893.617
23.12673 887.1415
18.50139 894.5421
21.2766 896.3922
12.0259 883.4413
27.75208 913.9686
32.37743 935.2451
26.82701 927.8446
27.75208 937.0953
22.20167 938.9454
29.60222 904.7178
29.60222 892.692
10.17576 906.568
362.6272 827.012
376.5032 819.6115
376.5032 832.5624
367.2525 814.061
372.8029 811.2858
367.2525 839.963
358.9269 827.012
353.3765 829.7872
363.5523 843.6633
378.3534 834.4126
384.8289 852.9139
367.2525 843.6633
392.2294 850.1387
391.3044 856.6143
352.4514 865.8649
392.2294 858.4644
369.1027 878.8159
347.8261 869.5652
345.0509 874.1906
361.7021 893.617
369.1027 888.0666
386.679 869.5652
375.5782 882.5162
383.9038 882.5162
393.1545 884.3663
419.9815 888.0666
400.5551 897.3173
425.5319 874.1906
374.6531 888.9917
344.1258 847.3635
334.8751 854.7641
329.3247 858.4644
358.0019 826.087
356.1517 825.1619
355.2267 802.9602
336.7253 806.6605
325.6244 835.3376
329.3247 840.8881
327.4745 845.5134
347.8261 793.7095
332.0999 795.5597
338.5754 789.0842
348.7512 790.0093
352.4514 795.5597
349.6762 802.0352
320.074 771.5079
325.6244 770.5828
325.6244 773.358
318.2239 758.5569
296.9473 757.6318
330.2498 782.6087
308.9732 783.5338
277.5208 769.6577
300.6476 792.7845
308.9732 790.9343
305.2729 803.8853
329.3247 794.6346
308.0481 742.8307
308.0481 744.6808
306.198 740.9806
313.5985 749.3062
318.2239 740.0555
320.074 751.1563
304.3478 752.0814
308.9732 745.6059
300.6476 740.0555
315.4487 738.2054
254.3941 782.6087
275.6707 793.7095
255.3192 797.4098
243.2932 785.3839
242.3682 763.1823
259.9445 767.8076
272.8955 765.9575
259.9445 764.1073
265.4949 759.4819
286.7715 758.5569
289.5467 798.3349
302.4977 735.4302
284.9214 745.6059
273.8205 734.5051
281.2211 735.4302
297.8723 728.9547
275.6707 855.6891
312.6735 864.9399
320.074 827.9371
217.3913 762.2571
209.0657 746.531
218.3164 740.9806
212.766 765.9575
186.864 764.1073
197.9648 709.5282
211.8409 729.8798
200.7401 729.8798
228.4921 732.655
244.2183 741.9056
189.6392 726.1794
177.6133 737.2803
173.913 729.8798
332.0999 785.3839
333.95 782.6087
284.9214 899.1674
278.4459 912.1184
274.7456 913.0435
286.7715 900.0925
274.7456 884.3663
256.2442 923.2192
256.2442 921.3691
306.198 939.8705
301.5726 934.3201
308.0481 938.9454
298.7974 938.0203
292.3219 955.5967
291.3969 950.0463
306.198 980.5735
315.4487 937.0953
287.6966 935.2451
277.5208 966.6975
297.8723 934.3201
288.6216 936.1702
302.4977 926.9195
312.6735 917.6688
281.2211 923.2192
240.518 928.7697
208.1406 938.9454
188.7142 954.6716
165.5874 981.4986
159.1119 992.5994
168.3626 988.8992
181.3136 990.7493
187.7891 975.9482
173.913 968.5477
162.8122 972.2479
227.5671 995.3746
232.1924 986.124
226.642 976.8733
234.9676 967.6226
255.3192 991.6744
195.1896 996.2997
158.1869 996.2997
222.0166 994.4496
208.1406 989.8242
323.7743 874.1906
316.3737 861.2396
304.3478 850.1387
311.7484 856.6143
308.9732 847.3635
328.3996 728.0296
334.8751 735.4302
330.2498 743.7558
327.4745 738.2054
337.6503 764.1073
296.9473 719.704
293.247 727.1046
289.5467 725.2544
301.5726 730.8048
275.6707 723.4042
273.8205 715.0786
309.8983 734.5051
51.80389 970.3978
51.80389 979.6485
63.82979 970.3978
65.67992 978.7234
37.00278 971.3229
28.67715 964.8474
39.77798 993.5245
24.0518 974.0981
35.15264 994.4496
17.57632 987.049
16.65125 970.3978
21.2766 970.3978
66.605 979.6485
416.2812 751.1563
416.2812 745.6059
407.0305 761.3321
406.1055 755.7817
417.2063 781.6837
373.728 746.531
377.4283 736.3552
376.5032 705.8279
380.2035 699.3525
389.4542 703.9778
387.6041 700.2775
401.4801 702.1277
370.0277 810.3608
378.3534 802.9602
366.3275 805.7354
366.3275 802.0352
385.7539 775.2081
386.679 785.3839
370.9528 781.6837
379.2784 761.3321
365.4024 769.6577
371.8779 771.5079
385.7539 758.5569
388.5291 763.1823
363.5523 775.2081
360.7771 774.2831
368.1776 777.9833
359.852 782.6087
370.0277 785.3839
393.1545 777.9833
359.852 796.4847
368.1776 796.4847
383.9038 821.4616
395.0046 817.7614
398.7049 796.4847
403.3303 815.9112
390.3793 830.7123
398.7049 819.6115
407.9556 822.3867
413.506 828.8622
400.5551 822.3867
414.4311 827.9371
406.1055 814.061
378.3534 816.8362
389.4542 830.7123
403.3303 781.6837
396.8548 792.7845
406.1055 788.1591
399.63 774.2831
403.3303 768.7327
374.6531 796.4847
382.0536 800.185
388.5291 784.4589
394.0796 792.7845
392.2294 792.7845
417.2063 828.8622
418.1313 844.5883
424.6068 830.7123
423.6818 839.963
421.8316 843.6633
436.6328 801.1101
421.8316 801.1101
410.7308 787.2341
408.8807 808.5106
415.3561 823.3118
341.3506 781.6837
355.2267 793.7095
349.6762 765.0323
346.901 772.4329
343.2007 769.6577
354.3016 780.7585
343.2007 782.6087
343.2007 771.5079
643.8483 932.4699
651.2488 941.7206
641.0731 941.7206
643.8483 929.6947
630.8973 931.5449
641.0731 969.4727
632.7474 974.0981
640.148 977.7983
647.5486 969.4727
647.5486 980.5735
666.0499 973.173
643.8483 954.6716
660.4995 957.4468
639.223 951.8964
632.7474 950.9713
640.148 950.9713
656.7993 951.8964
629.9722 944.4958
603.1453 945.4209
609.6207 931.5449
604.9954 938.0203
609.6207 938.9454
626.272 919.519
674.3755 962.9973
671.6003 976.8733
678.0759 944.4958
695.6522 943.5707
678.0759 952.8215
691.0269 933.395
694.7271 933.395
713.2285 925.0694
698.4274 924.1443
666.0499 926.9195
666.975 949.1212
677.1508 927.8446
677.1508 919.519
694.7271 907.493
662.3497 985.1989
666.975 979.6485
675.3007 984.2738
666.975 992.5994
673.4505 976.8733
678.0759 985.1989
688.2516 992.5994
660.4995 989.8242
653.099 993.5245
652.1739 987.9741
639.223 984.2738
636.4478 978.7234
622.5717 990.7493
624.4218 992.5994
629.0472 995.3746
618.8714 991.6744
603.1453 993.5245
740.0555 991.6744
762.2571 985.1989
721.5541 967.6226
708.6031 962.9973
723.4042 956.5217
709.5282 965.7725
723.4042 971.3229
728.0296 948.1961
750.2313 966.6975
760.407 975.9482
759.4819 970.3978
770.5828 963.9223
732.655 927.8446
716.0037 992.5994
728.0296 989.8242
691.0269 988.8992
682.7012 979.6485
687.3265 977.7983
709.5282 987.049
680.8511 977.7983
599.4449 983.3488
593.8945 975.0231
499.5375 935.2451
493.062 924.1443
498.6124 926.9195
472.7104 828.8622
470.8603 843.6633
475.4857 858.4644
484.7364 849.2137
495.8372 864.0148
481.0361 846.4385
480.111 849.2137
518.0389 857.5393
529.1397 870.4903
517.1138 864.0148
500.4625 868.6401
456.9843 855.6891
481.9612 874.1906
471.7854 862.1647
469.0102 860.3145
463.4597 863.0897
489.3617 875.1157
494.9121 888.0666
476.4107 885.2914
573.543 883.4413
550.4163 878.8159
544.8658 910.2682
520.8141 896.3922
536.5402 894.5421
533.765 888.9917
530.9898 883.4413
518.9639 878.8159
513.4135 898.2424
564.2923 862.1647
558.7419 895.4672
531.9149 925.9944
528.2146 930.6198
518.9639 923.2192
514.3386 912.1184
514.3386 930.6198
518.0389 923.2192
506.938 929.6947
518.9639 941.7206
504.1628 938.9454
518.9639 948.1961
524.5143 950.0463
519.889 950.0463
494.9121 952.8215
520.8141 935.2451
493.062 922.2942
502.3127 919.519
499.5375 923.2192
491.2119 919.519
477.3358 920.444
485.6614 913.9686
491.2119 912.1184
510.6383 909.3432
508.7881 900.0925
503.2377 908.4182
502.3127 900.0925
503.2377 899.1674
493.9871 913.0435
494.9121 888.9917
524.5143 954.6716
520.8141 956.5217
534.6901 952.8215
525.4394 957.4468
518.9639 962.9973
499.5375 939.8705
492.1369 964.8474
488.4366 949.1212
487.5116 944.4958
478.2609 936.1702
481.0361 942.6457
528.2146 960.222
518.9639 995.3746
392.2294 995.3746
379.2784 994.4496
322.8492 985.1989
341.3506 939.8705
349.6762 979.6485
296.9473 989.8242
314.5236 990.7493
282.1461 992.5994
469.0102 993.5245
498.6124 993.5245
439.408 991.6744
480.111 990.7493
478.2609 979.6485
446.8085 979.6485
521.7391 985.1989
496.7623 986.124
425.5319 990.7493
445.8835 962.0721
405.1804 992.5994
392.2294 980.5735
412.5809 989.8242
388.5291 961.1471
382.0536 970.3978
382.0536 984.2738
363.5523 983.3488
566.1425 993.5245
549.4912 994.4496
530.0648 966.6975
517.1138 974.0981
520.8141 976.8733
534.6901 978.7234
530.9898 991.6744
538.3904 990.7493
540.2405 991.6744
535.6152 965.7725
554.1166 958.3719
543.0157 978.7234
546.716 962.0721
541.1656 962.9973
359.852 939.8705
341.3506 933.395
349.6762 913.9686
361.7021 914.8936
335.8002 932.4699
344.1258 908.4182
353.3765 906.568
350.6013 900.0925
389.4542 913.9686
365.4024 917.6688
324.6993 900.0925
319.1489 879.741
320.9991 934.3201
329.3247 937.0953
383.9038 833.4875
397.7798 846.4385
407.9556 842.7382
460.6845 909.3432
455.1341 913.9686
457.9093 910.2682
454.2091 893.617
441.2581 894.5421
444.9584 885.2914
452.3589 908.4182
442.1832 913.0435
456.0592 908.4182
474.5606 892.692
469.0102 902.8677
463.4597 876.0407
431.0823 859.3895
436.6328 869.5652
430.1573 864.9399
445.8835 878.8159
446.8085 882.5162
439.408 920.444
453.284 928.7697
459.7595 927.8446
430.1573 925.9944
445.8835 937.0953
475.4857 962.9973
469.0102 929.6947
469.9352 927.8446
469.9352 915.8187
474.5606 925.9944
478.2609 915.8187
472.7104 908.4182
481.9612 914.8936
418.1313 899.1674
484.7364 897.3173
478.2609 876.0407
477.3358 876.9658
506.0129 971.3229
493.9871 969.4727
486.5865 948.1961
479.1859 964.8474
493.062 968.5477
858.4644 859.3895
850.1387 870.4903
822.3867 867.7151
830.7123 850.1387
819.6115 885.2914
819.6115 898.2424
804.8104 884.3663
822.3867 896.3922
822.3867 903.7928
829.7872 892.692
824.2368 886.2165
849.2137 888.9917
809.4357 851.0638
793.7095 861.2396
799.2599 879.741
842.7382 848.2886
827.9371 843.6633
807.5856 836.2627
820.5366 827.9371
833.4875 837.1878
799.2599 815.9112
818.6864 814.9861
823.3118 819.6115
790.0093 890.8418
774.2831 880.6661
785.3839 894.5421
800.185 921.3691
816.8362 912.1184
770.5828 887.1415
723.4042 908.4182
744.6808 894.5421
743.7558 914.8936
722.4792 906.568
707.6781 902.8677
748.3811 900.0925
757.6318 904.7178
775.2081 911.1934
757.6318 899.1674
749.3062 896.3922
853.8391 844.5883
861.2396 856.6143
876.0407 876.9658
873.2655 851.9889
877.8909 877.8909
846.4385 824.2368
885.2914 807.5856
857.5393 830.7123
898.2424 816.8362
905.6429 812.2109
839.963 907.493
823.3118 912.1184
818.6864 912.1184
815.9112 920.444
842.7382 894.5421
840.8881 921.3691
851.0638 927.8446
856.6143 923.2192
853.8391 926.9195
860.3145 941.7206
890.8418 895.4672
864.0148 940.7955
688.2516 896.3922
704.9029 904.7178
717.8538 900.0925
681.7761 903.7928
687.3265 894.5421
731.7299 885.2914
811.2858 965.7725
779.8335 907.493
812.2109 921.3691
807.5856 923.2192
774.2831 728.9547
785.3839 690.1017
797.4098 672.5255
801.1101 691.0269
792.7845 703.9778
774.2831 709.5282
790.0093 706.753
804.8104 674.3755
833.4875 661.4246
816.8362 681.7761
823.3118 658.6494
810.3608 664.1998
720.629 684.5513
733.58 680.8511
728.9547 686.4015
721.5541 667.9001
715.0786 664.1998
793.7095 629.0472
810.3608 634.5976
806.6605 645.6984
769.6577 679.926
790.9343 669.7502
780.7585 717.8538
793.7095 731.7299
775.2081 727.1046
797.4098 726.1794
768.7327 721.5541
773.358 714.1536
765.9575 726.1794
736.3552 698.4274
760.407 708.6031
748.3811 691.0269
767.8076 701.2026
802.0352 706.753
807.5856 716.0037
818.6864 444.9584
831.6374 456.9843
812.2109 456.0592
835.3376 443.1082
827.012 423.6818
808.5106 392.2294
802.9602 417.2063
794.6346 390.3793
803.8853 389.4542
809.4357 421.8316
797.4098 433.8575
818.6864 443.1082
822.3867 434.7826
822.3867 424.6068
827.012 426.457
782.6087 440.333
777.0583 439.408
787.2341 448.6587
802.9602 444.9584
833.4875 433.8575
831.6374 427.382
838.1129 426.457
808.5106 458.8344
785.3839 455.1341
806.6605 452.3589
773.358 456.9843
778.9084 464.3848
800.185 471.7854
822.3867 474.5606
792.7845 485.6614
813.136 468.0851
812.2109 448.6587
790.0093 503.2377
783.5338 505.0879
918.5939 448.6587
901.9426 471.7854
896.3922 436.6328
836.2627 458.8344
840.8881 472.7104
838.1129 459.7595
855.6891 433.8575
864.9399 460.6845
882.5162 432.0074
866.79 461.6096
867.7151 427.382
862.1647 429.2322
860.3145 477.3358
874.1906 465.3099
864.0148 480.111
849.2137 483.8113
861.2396 484.7364
843.6633 501.3876
855.6891 490.2868
867.7151 493.9871
854.7641 497.6873
861.2396 485.6614
870.4903 488.4366
875.1157 482.8862
876.0407 489.3617
885.2914 480.111
912.1184 502.3127
890.8418 470.8603
882.5162 476.4107
882.5162 505.0879
895.4672 518.0389
882.5162 512.4885
874.1906 504.1628
865.8649 508.7881
866.79 518.9639
876.9658 502.3127
859.3895 504.1628
853.8391 505.0879
841.8131 432.9325
876.0407 419.0564
872.3405 423.6818
875.1157 405.1804
897.3173 432.9325
929.6947 441.2581
919.519 506.938
893.617 520.8141
871.4153 540.2405
846.4385 525.4394
844.5883 541.1656
884.3663 519.889
875.1157 547.6411
841.8131 565.2174
837.1878 548.5662
837.1878 543.0157
859.3895 582.7937
842.7382 590.1943
809.4357 525.4394
791.8594 522.6642
812.2109 540.2405
831.6374 540.2405
822.3867 542.0906
839.0379 514.3386
811.2858 542.0906
791.8594 518.0389
786.309 520.8141
866.79 584.6439
866.79 601.2951
874.1906 585.5689
744.6808 411.6559
729.8798 402.4052
767.8076 389.4542
766.8825 382.9787
778.9084 370.0277
775.2081 358.9269
781.6837 360.7771
764.1073 359.852
737.2803 473.6355
724.3293 480.111
732.655 488.4366
750.2313 487.5116
754.8566 484.7364
756.7067 470.8603
767.8076 464.3848
770.5828 500.4625
767.8076 460.6845
768.7327 458.8344
757.6318 444.0333
753.9315 442.1832
749.3062 456.9843
759.4819 430.1573
746.531 424.6068
748.3811 425.5319
838.1129 220.1665
873.2655 292.3219
858.4644 290.4718
878.8159 299.7225
879.741 289.5467
857.5393 283.9963
880.6661 297.8723
884.3663 289.5467
891.7669 279.3709
895.4672 290.4718
897.3173 283.9963
853.8391 259.0194
868.6401 268.2701
853.8391 253.469
842.7382 276.5957
844.5883 286.7715
835.3376 276.5957
828.8622 279.3709
844.5883 231.2673
942.6457 263.6448
920.444 246.9935
938.0203 263.6448
911.1934 265.4949
918.5939 503.2377
922.2942 481.9612
916.7438 472.7104
929.6947 477.3358
942.6457 488.4366
944.4958 475.4857
947.2711 482.8862
932.4699 479.1859
949.1212 496.7623
924.1443 457.9093
938.0203 457.9093
921.3691 462.5347
934.3201 446.8085
935.2451 444.0333
946.3459 454.2091
943.5707 469.0102
959.2969 467.16
973.173 430.1573
970.3978 486.5865
987.9741 482.8862
975.9482 502.3127
973.173 480.111
964.8474 493.062
987.049 456.0592
988.8992 457.9093
983.3488 438.4829
967.6226 462.5347
963.9223 461.6096
988.8992 478.2609
959.2969 389.4542
950.9713 496.7623
914.8936 272.8955
919.519 283.9963
904.7178 288.6216
918.5939 290.4718
933.395 297.8723
917.6688 300.6476
923.2192 308.9732
912.1184 304.3478
897.3173 300.6476
895.4672 315.4487
892.692 302.4977
904.7178 315.4487
892.692 293.247
916.7438 311.7484
913.9686 311.7484
910.2682 321.9241
934.3201 299.7225
959.2969 303.4228
935.2451 313.5985
924.1443 319.1489
950.9713 314.5236
947.2711 326.5495
938.9454 323.7743
930.6198 349.6762
941.7206 341.3506
899.1674 280.296
901.0176 283.9963
897.3173 288.6216
955.5967 372.8029
950.0463 382.0536
956.5217 383.9038
934.3201 367.2525
941.7206 386.679
940.7955 397.7798
888.0666 430.1573
887.1415 357.0768
884.3663 352.4514
890.8418 357.0768
893.617 359.852
883.4413 333.95
886.2165 296.0222
907.493 337.6503
902.8677 328.3996
894.5421 332.0999
906.568 350.6013
866.79 327.4745
946.3459 348.7512
947.2711 358.9269
818.6864 278.4459
819.6115 271.9704
728.9547 507.8631
732.655 501.3876
733.58 490.2868
753.0065 506.938
947.2711 645.6984
953.7465 655.8742
940.7955 666.0499
923.2192 639.223
912.1184 636.4478
879.741 631.8224
893.617 650.3238
909.3432 650.3238
914.8936 635.5226
924.1443 644.7734
960.222 665.1249
965.7725 673.4505
949.1212 672.5255
956.5217 688.2516
939.8705 679.0009
835.3376 740.0555
833.4875 735.4302
843.6633 734.5051
832.5624 740.9806
853.8391 749.3062
850.1387 765.9575
857.5393 763.1823
842.7382 777.0583
848.2886 765.9575
829.7872 744.6808
824.2368 760.407
822.3867 747.4561
823.3118 741.9056
825.1619 770.5828
814.061 770.5828
816.8362 757.6318
811.2858 752.0814
882.5162 709.5282
863.0897 697.5023
882.5162 689.1767
888.9917 698.4274
855.6891 726.1794
839.963 725.2544
851.0638 714.1536
851.0638 705.8279
833.4875 718.7789
785.3839 745.6059
802.0352 725.2544
806.6605 723.4042
807.5856 733.58
812.2109 745.6059
801.1101 745.6059
788.1591 760.407
792.7845 766.8825
792.7845 755.7817
800.185 734.5051
834.4126 788.1591
835.3376 797.4098
827.012 775.2081
840.8881 778.9084
818.6864 743.7558
812.2109 732.655
817.7614 720.629
814.9861 721.5541
809.4357 720.629
798.3349 751.1563
805.7354 782.6087
808.5106 781.6837
812.2109 807.5856
796.4847 804.8104
816.8362 798.3349
810.3608 786.309
818.6864 791.8594
826.087 815.9112
822.3867 795.5597
825.1619 795.5597
818.6864 783.5338
817.7614 779.8335
779.8335 802.0352
789.0842 784.4589
792.7845 808.5106
786.309 783.5338
785.3839 780.7585
799.2599 784.4589
854.7641 645.6984
840.8881 632.7474
851.9889 620.7216
847.3635 648.4736
838.1129 618.8714
842.7382 612.3959
834.4126 635.5226
898.2424 664.1998
891.7669 654.9491
881.5911 658.6494
906.568 662.3497
867.7151 658.6494
875.1157 613.321
868.6401 612.3959
867.7151 605.9205
864.9399 610.5458
994.4496 513.4135
984.2738 523.5893
977.7983 508.7881
987.9741 501.3876
985.1989 526.3645
962.9973 518.0389
944.4958 514.3386
931.5449 517.1138
931.5449 533.765
928.7697 511.5634
854.7641 656.7993
858.4644 661.4246
846.4385 653.099
870.4903 660.4995
845.5134 697.5023
826.087 695.6522
856.6143 696.5773
854.7641 693.8021
852.9139 691.0269
802.0352 703.9778
808.5106 701.2026
825.1619 718.7789
821.4616 685.4764
841.8131 689.1767
859.3895 691.0269
870.4903 683.6263
882.5162 687.3265
60.12951 997.2248
79.55597 994.4496
101.7576 997.2248
72.15541 988.8992
60.12951 989.8242
57.3543 993.5245
48.10361 992.5994
53.65402 995.3746
46.25347 994.4496
79.55597 980.5735
89.73173 967.6226
80.48103 991.6744
98.98242 978.7234
90.6568 975.9482
105.4579 981.4986
12.95097 962.0721
28.67715 954.6716
30.52729 943.5707
0.9250694 987.9741
2.775208 959.2969
0 931.5449
42.55319 993.5245
12.95097 858.4644
12.95097 864.9399
3.700278 717.8538
4.625347 728.0296
0.9250694 614.2461
0 504.1628
0.9250694 556.8918
5.550416 659.5745
4.625347 641.0731
19.42646 648.4736
18.50139 639.223
24.0518 641.0731
9.250694 628.1221
6.475486 618.8714
20.35153 617.0213
13.87604 635.5226
27.75208 617.9464
29.60222 639.223
17.57632 612.3959
28.67715 596.6697
3.700278 566.1425
11.10083 927.8446
5.550416 898.2424
9.250694 892.692
6.475486 889.9167
2.775208 952.8215
13.87604 947.2711
123.0342 552.2664
111.0083 546.716
123.0342 547.6411
101.7576 540.2405
111.0083 542.0906
104.5328 527.2896
109.1582 512.4885
119.334 524.5143
96.20721 525.4394
111.0083 537.4653
99.90749 504.1628
81.40611 496.7623
97.13229 493.9871
79.55597 524.5143
112.8585 502.3127
115.6337 567.9926
118.4089 567.9926
114.7086 580.9435
100.8326 578.1683
94.35708 552.2664
108.2331 570.7678
76.78076 582.7937
95.28214 584.6439
84.18131 549.4912
84.18131 555.0416
71.23034 551.3414
69.3802 555.9667
80.48103 543.0157
65.67992 528.2146
60.12951 540.2405
133.21 569.8427
136.9103 557.8168
143.3858 571.6929
130.4348 563.3672
131.3598 573.543
132.2849 558.7419
130.4348 546.716
131.3598 599.4449
127.6596 544.8658
131.3598 543.0157
126.7345 542.0906
131.3598 534.6901
123.9593 536.5402
123.0342 530.9898
128.5846 518.0389
133.21 510.6383
120.259 506.0129
157.2618 551.3414
171.1378 547.6411
171.1378 544.8658
172.988 543.9408
147.086 571.6929
120.259 617.9464
136.9103 615.1711
138.7604 601.2951
112.8585 592.0444
108.2331 592.9695
86.95652 604.0703
108.2331 601.2951
74.00555 604.9954
108.2331 620.7216
111.0083 630.8973
107.308 629.9722
108.2331 613.321
111.9334 608.6957
102.6827 617.0213
107.308 614.2461
110.0833 602.2202
144.3108 669.7502
147.086 657.7243
127.6596 670.6753
120.259 656.7993
118.4089 667.9001
37.92785 477.3358
46.25347 491.2119
34.22757 491.2119
29.60222 473.6355
33.3025 470.8603
35.15264 461.6096
10.17576 461.6096
10.17576 464.3848
25.90194 479.1859
111.0083 448.6587
106.383 444.9584
115.6337 459.7595
108.2331 456.9843
102.6827 456.0592
68.45513 480.111
91.58187 468.0851
91.58187 459.7595
93.43201 469.0102
76.78076 487.5116
93.43201 477.3358
95.28214 474.5606
103.6078 465.3099
99.90749 445.8835
79.55597 494.9121
95.28214 479.1859
74.93062 494.9121
73.08048 488.4366
67.53007 491.2119
103.6078 481.0361
120.259 477.3358
105.4579 469.9352
117.4838 464.3848
58.27937 489.3617
55.50416 491.2119
63.82979 501.3876
53.65402 492.1369
47.17854 504.1628
21.2766 689.1767
27.75208 685.4764
30.52729 688.2516
38.85291 704.9029
6.475486 703.9778
12.0259 684.5513
8.325624 667.9001
11.10083 673.4505
24.97687 671.6003
15.72618 668.8251
24.97687 670.6753
36.07771 680.8511
40.70305 672.5255
8.325624 662.3497
19.42646 661.4246
18.50139 657.7243
26.82701 645.6984
11.10083 538.3904
6.475486 524.5143
14.80111 531.9149
5.550416 547.6411
15.72618 532.84
25.90194 554.1166
24.97687 539.3154
47.17854 606.8455
58.27937 603.1453
51.80389 608.6957
42.55319 591.1193
44.40333 634.5976
54.57909 634.5976
61.05458 612.3959
69.3802 642.9232
82.33118 614.2461
56.42923 586.494
50.87881 587.4191
51.80389 582.7937
58.27937 590.1943
61.05458 579.0934
40.70305 659.5745
46.25347 567.9926
61.97965 563.3672
57.3543 547.6411
44.40333 556.8918
20.35153 558.7419
36.07771 563.3672
21.2766 561.5171
42.55319 563.3672
33.3025 552.2664
43.47826 548.5662
52.72895 534.6901
36.07771 520.8141
53.65402 517.1138
32.37743 530.0648
37.92785 541.1656
65.67992 672.5255
24.0518 658.6494
51.80389 694.7271
85.10638 659.5745
74.00555 660.4995
76.78076 652.1739
76.78076 654.9491
96.20721 648.4736
112.8585 645.6984
84.18131 642.9232
103.6078 633.6725
90.6568 629.9722
38.85291 694.7271
38.85291 700.2775
49.02868 708.6031
99.90749 850.1387
108.2331 841.8131
74.00555 874.1906
69.3802 869.5652
113.7835 892.692
135.9852 906.568
49.95375 898.2424
35.15264 883.4413
44.40333 876.0407
139.6855 925.0694
223.8668 823.3118
234.9676 802.0352
204.4403 784.4589
113.7835 823.3118
93.43201 815.9112
77.70583 705.8279
55.50416 717.8538
56.42923 701.2026
88.80666 699.3525
24.0518 740.9806
59.20444 750.2313
43.47826 763.1823
81.40611 740.9806
37.92785 766.8825
51.80389 771.5079
48.10361 777.0583
29.60222 768.7327
25.90194 792.7845
53.65402 788.1591
55.50416 809.4357
50.87881 775.2081
80.48103 788.1591
89.73173 779.8335
88.80666 790.9343
60.12951 802.0352
74.00555 808.5106
63.82979 791.8594
77.70583 807.5856
101.7576 760.407
102.6827 800.185
104.5328 770.5828
98.05736 802.9602
144.3108 719.704
141.5356 706.753
142.4607 700.2775
128.5846 735.4302
106.383 726.1794
109.1582 767.8076
128.5846 778.9084
150.7863 748.3811
148.0111 738.2054
157.2618 745.6059
160.037 732.655
82.33118 739.1304
84.18131 729.8798
102.6827 720.629
94.35708 731.7299
107.308 722.4792
174.8381 719.704
131.3598 786.309
154.4866 787.2341
123.0342 781.6837
115.6337 822.3867
159.1119 772.4329
160.9621 763.1823
161.8871 770.5828
186.864 803.8853
198.8899 815.9112
219.2414 860.3145
157.2618 752.0814
9.250694 725.2544
17.57632 874.1906
24.0518 879.741
7.400555 872.3405
8.325624 883.4413
11.10083 871.4153
125.8094 639.223
96.20721 623.4968
103.6078 625.3469
92.50694 614.2461
12.0259 794.6346
21.2766 758.5569
24.97687 484.7364
23.12673 490.2868
43.47826 506.938
22.20167 496.7623
12.95097 503.2377
10.17576 493.062
17.57632 493.062
55.50416 510.6383
63.82979 511.5634
23.12673 522.6642
